#         t          x          y          z         vx         vy         vz
      0.000    -98.440   -120.010   -127.750    -27.700    174.120     92.490
      0.010    -98.714   -118.265   -126.821    -27.008    174.956     93.386
      0.020    -98.980   -116.511   -125.882    -26.301    175.796     94.294
      0.030    -99.239   -114.749   -124.935    -25.578    176.640     95.212
      0.040    -99.492   -112.978   -123.978    -24.839    177.487     96.141
      0.050    -99.736   -111.199   -123.012    -24.083    178.337     97.082
      0.060    -99.973   -109.411   -122.036    -23.309    179.192     98.035
      0.070   -100.202   -107.615   -121.051    -22.518    180.049     98.999
      0.080   -100.423   -105.810   -120.056    -21.709    180.910     99.975
      0.090   -100.636   -103.997   -119.051    -20.881    181.774    100.964
      0.100   -100.841   -102.175   -118.037    -20.034    182.641    101.965
      0.110   -101.037   -100.344   -117.012    -19.167    183.511    102.978
      0.120   -101.224    -98.505   -115.977    -18.279    184.383    104.005
      0.130   -101.402    -96.656   -114.932    -17.371    185.258    105.044
      0.140   -101.571    -94.799   -113.876    -16.441    186.136    106.097
      0.150   -101.731    -92.934   -112.810    -15.488    187.015    107.164
      0.160   -101.881    -91.059   -111.733    -14.513    187.897    108.244
      0.170   -102.021    -89.176   -110.645    -13.514    188.780    109.338
      0.180   -102.151    -87.283   -109.546    -12.490    189.665    110.447
      0.190   -102.271    -85.382   -108.436    -11.441    190.550    111.570
      0.200   -102.380    -83.472   -107.315    -10.367    191.437    112.708
      0.210   -102.478    -81.554   -106.182     -9.266    192.324    113.861
      0.220   -102.565    -79.626   -105.037     -8.137    193.211    115.029
      0.230   -102.641    -77.689   -103.881     -6.980    194.098    116.212
      0.240   -102.705    -75.744   -102.713     -5.794    194.985    117.412
      0.250   -102.756    -73.790   -101.533     -4.577    195.870    118.627
      0.260   -102.796    -71.827   -100.340     -3.330    196.754    119.858
      0.270   -102.823    -69.855    -99.136     -2.050    197.635    121.106
      0.280   -102.837    -67.874    -97.918     -0.738    198.514    122.370
      0.290   -102.837    -65.884    -96.688      0.609    199.390    123.651
      0.300   -102.824    -63.886    -95.445      1.991    200.262    124.948
      0.310   -102.797    -61.879    -94.189      3.409    201.130    126.263
      0.320   -102.756    -59.864    -92.920      4.865    201.992    127.596
      0.330   -102.700    -57.839    -91.637      6.359    202.848    128.945
      0.340   -102.629    -55.807    -90.341      7.893    203.697    130.313
      0.350   -102.542    -53.765    -89.031      9.468    204.538    131.698
      0.360   -102.439    -51.716    -87.707     11.086    205.370    133.101
      0.370   -102.320    -49.658    -86.369     12.747    206.193    134.521
      0.380   -102.184    -47.592    -85.016     14.453    207.004    135.960
      0.390   -102.031    -45.518    -83.649     16.205    207.803    137.417
      0.400   -101.860    -43.436    -82.268     18.006    208.589    138.891
      0.410   -101.670    -41.346    -80.871     19.855    209.359    140.383
      0.420   -101.462    -39.249    -79.460     21.756    210.113    141.894
      0.430   -101.235    -37.144    -78.033     23.709    210.849    143.421
      0.440   -100.988    -35.032    -76.591     25.715    211.565    144.966
      0.450   -100.720    -32.913    -75.134     27.777    212.260    146.529
      0.460   -100.432    -30.787    -73.661     29.896    212.931    148.108
      0.470   -100.122    -28.655    -72.172     32.073    213.576    149.703
      0.480    -99.790    -26.516    -70.667     34.310    214.193    151.314
      0.490    -99.436    -24.371    -69.145     36.609    214.781    152.941
      0.500    -99.058    -22.220    -67.608     38.971    215.335    154.582
      0.510    -98.656    -20.064    -66.054     41.398    215.854    156.237
      0.520    -98.229    -17.903    -64.483     43.892    216.335    157.904
      0.530    -97.778    -15.738    -62.896     46.453    216.774    159.584
      0.540    -97.300    -13.568    -61.291     49.083    217.170    161.274
      0.550    -96.796    -11.395    -59.670     51.783    217.517    162.974
      0.560    -96.264     -9.218    -58.032     54.556    217.813    164.681
      0.570    -95.704     -7.039    -56.376     57.401    218.054    166.395
      0.580    -95.116     -4.857    -54.704     60.320    218.236    168.113
      0.590    -94.497     -2.674    -53.014     63.313    218.355    169.833
      0.600    -93.849     -0.490    -51.307     66.382    218.406    171.552
      0.610    -93.169      1.693    -49.583     69.527    218.386    173.270
      0.620    -92.458      3.877    -47.842     72.747    218.289    174.982
      0.630    -91.714      6.059    -46.083     76.043    218.112    176.686
      0.640    -90.937      8.239    -44.308     79.414    217.848    178.378
      0.650    -90.125     10.415    -42.516     82.860    217.493    180.055
      0.660    -89.279     12.588    -40.707     86.379    217.041    181.713
      0.670    -88.398     14.756    -38.882     89.970    216.489    183.348
      0.680    -87.480     16.917    -37.040     93.630    215.830    184.955
      0.690    -86.525     19.072    -35.183     97.357    215.059    186.531
      0.700    -85.532     21.218    -33.310    101.147    214.171    188.070
      0.710    -84.501     23.355    -31.422    104.997    213.162    189.566
      0.720    -83.432     25.480    -29.519    108.903    212.026    191.016
      0.730    -82.323     27.594    -27.602    112.859    210.760    192.412
      0.740    -81.174     29.695    -25.671    116.859    209.358    193.750
      0.750    -79.986     31.781    -23.727    120.897    207.818    195.023
      0.760    -78.756     33.851    -21.771    124.966    206.135    196.226
      0.770    -77.486     35.903    -19.803    129.058    204.309    197.353
      0.780    -76.175     37.936    -17.824    133.164    202.335    198.397
      0.790    -74.823     39.949    -15.835    137.276    200.214    199.353
      0.800    -73.430     41.940    -13.838    141.384    197.946    200.217
      0.810    -71.995     43.907    -11.832    145.477    195.529    200.981
      0.820    -70.520     45.849     -9.818    149.545    192.967    201.642
      0.830    -69.005     47.766     -7.799    153.578    190.261    202.194
      0.840    -67.449     49.654     -5.775    157.564    187.416    202.635
      0.850    -65.854     51.513     -3.747    161.492    184.435    202.959
      0.860    -64.219     53.342     -1.717    165.351    181.324    203.164
      0.870    -62.547     55.139      0.315    169.130    178.090    203.233
      0.880    -60.837     56.903      2.347    172.816    174.742    203.116
      0.890    -59.091     58.633      4.377    176.398    171.291    202.871
      0.900    -57.310     60.329      6.404    179.867    167.746    202.505
      0.910    -55.495     61.988      8.427    183.214    164.117    202.020
      0.920    -53.646     63.611     10.444    186.432    160.414    201.419
      0.930    -51.767     65.196     12.454    189.515    156.647    200.705
      0.940    -49.857     66.743     14.457    192.457    152.826    199.883
      0.950    -47.918     68.252     16.452    195.255    148.963    198.956
      0.960    -45.952     69.722     18.436    197.905    145.068    197.929
      0.970    -43.961     71.153     20.410    200.405    141.151    196.808
      0.980    -41.945     72.545     22.372    202.754    137.222    195.598
      0.990    -39.906     73.898     24.321    204.952    133.291    194.306
      1.000    -37.847     75.211     26.257    206.998    129.366    192.937
      1.010    -35.767     76.485     28.180    208.896    125.456    191.497
      1.020    -33.670     77.720     30.087    210.646    121.569    189.993
      1.030    -31.555     78.917     31.979    212.252    117.713    188.431
      1.040    -29.425     80.075     33.855    213.717    113.893    186.816
      1.050    -27.281     81.195     35.715    215.045    110.116    185.154
      1.060    -25.125     82.277     37.558    216.240    106.387    183.452
      1.070    -22.957     83.323     39.384    217.307    102.712    181.714
      1.080    -20.779     84.332     41.192    218.251     99.092    179.946
      1.090    -18.593     85.305     42.983    219.077     95.534    178.152
      1.100    -16.398     86.243     44.755    219.790     92.038    176.337
      1.110    -14.198     87.146     46.510    220.396     88.608    174.506
      1.120    -11.991     88.015     48.245    220.898     85.246    172.663
      1.130     -9.780     88.851     49.963    221.304     81.953    170.810
      1.140     -7.565     89.655     51.662    221.617     78.730    168.952
      1.150     -5.348     90.426     53.342    221.843     75.577    167.092
      1.160     -3.129     91.167     55.003    221.987     72.496    165.233
      1.170     -0.909     91.877     56.647    222.053     69.486    163.377
      1.180      1.312     92.557     58.271    222.047     66.548    161.526
      1.190      3.532     93.208     59.877    221.972     63.680    159.683
      1.200      5.751     93.831     61.465    221.833     60.882    157.850
      1.210      7.968     94.426     63.034    221.634     58.153    156.028
      1.220     10.183     94.994     64.585    221.379     55.493    154.219
      1.230     12.396     95.536     66.119    221.072     52.900    152.424
      1.240     14.604     96.052     67.634    220.716     50.373    150.645
      1.250     16.810     96.544     69.132    220.315     47.912    148.882
      1.260     19.011     97.011     70.612    219.871     45.514    147.137
      1.270     21.207     97.454     72.074    219.388     43.178    145.409
      1.280     23.398     97.875     73.520    218.868     40.903    143.700
      1.290     25.584     98.273     74.949    218.315     38.688    142.011
      1.300     27.764     98.649     76.360    217.730     36.530    140.341
      1.310     29.938     99.004     77.755    217.117     34.429    138.691
      1.320     32.106     99.338     79.134    216.477     32.384    137.061
      1.330     34.268     99.652     80.497    215.813     30.391    135.452
      1.340     36.423     99.946     81.843    215.126     28.451    133.863
      1.350     38.570    100.221     83.174    214.418     26.562    132.296
      1.360     40.711    100.477     84.489    213.691     24.722    130.749
      1.370     42.844    100.716     85.789    212.947     22.930    129.222
      1.380     44.970    100.936     87.074    212.187     21.184    127.717
      1.390     47.088    101.140     88.344    211.412     19.484    126.232
      1.400     49.198    101.326     89.599    210.624     17.827    124.767
      1.410     51.300    101.496     90.839    209.824     16.213    123.323
      1.420     53.394    101.651     92.065    209.014     14.641    121.899
      1.430     55.480    101.789     93.277    208.194     13.108    120.495
      1.440     57.558    101.913     94.475    207.365     11.615    119.111
      1.450     59.628    102.022     95.659    206.528     10.159    117.746
      1.460     61.689    102.116     96.830    205.685      8.739    116.400
      1.470     63.741    102.197     97.988    204.835      7.355    115.074
      1.480     65.785    102.264     99.132    203.980      6.006    113.766
      1.490     67.821    102.317    100.263    203.121      4.690    112.477
      1.500     69.848    102.358    101.381    202.257      3.406    111.206
      1.510     71.866    102.385    102.487    201.391      2.154    109.953
      1.520     73.876    102.401    103.581    200.521      0.933    108.718
      1.530     75.876    102.404    104.662    199.650     -0.260    107.500
      1.540     77.869    102.396    105.731    198.776     -1.423    106.300
      1.550     79.852    102.376    106.788    197.902     -2.559    105.116
      1.560     81.827    102.345    107.833    197.026     -3.667    103.948
      1.570     83.792    102.303    108.867    196.150     -4.749    102.797
      1.580     85.750    102.250    109.889    195.274     -5.806    101.662
      1.590     87.698    102.187    110.900    194.399     -6.838    100.542
      1.600     89.638    102.113    111.900    193.524     -7.846     99.438
      1.610     91.568    102.030    112.889    192.649     -8.831     98.349
      1.620     93.491    101.937    113.867    191.776     -9.793     97.275
      1.630     95.404    101.834    114.834    190.905    -10.734     96.215
      1.640     97.309    101.722    115.791    190.035    -11.653     95.170
      1.650     99.205    101.601    116.738    189.167    -12.551     94.138
      1.660    101.092    101.471    117.674    188.301    -13.429     93.121
      1.670    102.971    101.333    118.600    187.437    -14.287     92.117
      1.680    104.841    101.186    119.517    186.576    -15.126     91.126
      1.690    106.702    101.030    120.423    185.717    -15.947     90.148
      1.700    108.555    100.867    121.320    184.861    -16.750     89.183
      1.710    110.399    100.695    122.207    184.008    -17.536     88.231
      1.720    112.235    100.516    123.084    183.158    -18.304     87.290
      1.730    114.063    100.329    123.953    182.311    -19.056     86.362
      1.740    115.882    100.135    124.812    181.467    -19.792     85.446
      1.750    117.692     99.934    125.662    180.626    -20.512     84.541
      1.760    119.494     99.725    126.503    179.789    -21.216     83.648
      1.770    121.288     99.509    127.335    178.955    -21.906     82.765
      1.780    123.073     99.287    128.158    178.125    -22.582     81.894
      1.790    124.850     99.058    128.973    177.298    -23.243     81.034
      1.800    126.619     98.822    129.779    176.475    -23.891     80.184
      1.810    128.380     98.580    130.576    175.655    -24.525     79.344
      1.820    130.132     98.332    131.366    174.839    -25.147     78.515
      1.830    131.877     98.077    132.147    174.027    -25.756     77.695
      1.840    133.613     97.817    132.920    173.219    -26.352     76.885
      1.850    135.341     97.550    133.684    172.415    -26.936     76.085
      1.860    137.061     97.278    134.441    171.614    -27.509     75.295
      1.870    138.773     97.000    135.190    170.817    -28.070     74.513
      1.880    140.477     96.717    135.932    170.024    -28.620     73.741
      1.890    142.174     96.428    136.665    169.235    -29.159     72.978
      1.900    143.862     96.133    137.391    168.450    -29.688     72.223
      1.910    145.543     95.834    138.110    167.669    -30.206     71.477
      1.920    147.216     95.529    138.821    166.892    -30.714     70.739
      1.930    148.881     95.220    139.525    166.118    -31.213     70.010
      1.940    150.538     94.905    140.221    165.349    -31.701     69.289
      1.950    152.188     94.586    140.910    164.583    -32.180     68.575
      1.960    153.830     94.262    141.593    163.821    -32.650     67.870
      1.970    155.464     93.933    142.268    163.063    -33.112     67.172
      1.980    157.091     93.599    142.936    162.309    -33.564     66.482
      1.990    158.710     93.261    143.597    161.559    -34.008     65.800
      2.000    160.322     92.919    144.252    160.813    -34.443     65.124
      2.010    161.927     92.573    144.900    160.071    -34.871     64.456
      2.020    163.524     92.222    145.541    159.332    -35.290     63.795
      2.030    165.113     91.867    146.176    158.597    -35.702     63.141
      2.040    166.696     91.508    146.804    157.866    -36.106     62.494
      2.050    168.271     91.145    147.426    157.139    -36.502     61.853
      2.060    169.838     90.778    148.041    156.416    -36.891     61.219
      2.070    171.399     90.407    148.650    155.696    -37.274     60.591
      2.080    172.952     90.032    149.253    154.980    -37.649     59.970
      2.090    174.499     89.654    149.850    154.268    -38.017     59.355
      2.100    176.038     89.272    150.440    153.559    -38.379     58.746
      2.110    177.570     88.887    151.025    152.854    -38.734     58.144
      2.120    179.095     88.497    151.603    152.153    -39.083     57.547
      2.130    180.613     88.105    152.176    151.455    -39.425     56.956
      2.140    182.124     87.709    152.742    150.761    -39.762     56.371
      2.150    183.628     87.310    153.303    150.070    -40.092     55.791
      2.160    185.125     86.907    153.858    149.383    -40.417     55.217
      2.170    186.616     86.501    154.407    148.699    -40.736     54.649
      2.180    188.099     86.092    154.951    148.019    -41.049     54.086
      2.190    189.576     85.680    155.489    147.342    -41.357     53.528
      2.200    191.046     85.265    156.022    146.669    -41.659     52.976
      2.210    192.510     84.847    156.549    145.999    -41.956     52.428
      2.220    193.966     84.426    157.070    145.333    -42.248     51.886
      2.230    195.416     84.002    157.586    144.670    -42.535     51.349
      2.240    196.860     83.576    158.097    144.010    -42.817     50.816
      2.250    198.296     83.146    158.603    143.353    -43.094     50.289
      2.260    199.727     82.714    159.103    142.700    -43.366     49.766
      2.270    201.150     82.279    159.598    142.050    -43.634     49.248
      2.280    202.568     81.841    160.088    141.403    -43.897     48.734
      2.290    203.978     81.401    160.573    140.759    -44.155     48.225
      2.300    205.383     80.958    161.053    140.119    -44.409     47.721
      2.310    206.781     80.513    161.527    139.481    -44.659     47.221
      2.320    208.173     80.065    161.997    138.847    -44.904     46.725
      2.330    209.558     79.615    162.462    138.216    -45.146     46.233
      2.340    210.937     79.162    162.922    137.588    -45.383     45.746
      2.350    212.310     78.707    163.377    136.963    -45.616     45.263
      2.360    213.676     78.250    163.827    136.340    -45.845     44.784
      2.370    215.036     77.790    164.272    135.721    -46.071     44.309
      2.380    216.391     77.328    164.713    135.105    -46.292     43.838
      2.390    217.739     76.864    165.149    134.492    -46.510     43.370
      2.400    219.080     76.398    165.581    133.881    -46.724     42.907
      2.410    220.416     75.930    166.007    133.274    -46.935     42.448
      2.420    221.746     75.459    166.430    132.669    -47.142     41.992
      2.430    223.070     74.987    166.847    132.067    -47.346     41.540
      2.440    224.387     74.512    167.260    131.468    -47.546     41.091
      2.450    225.699     74.036    167.669    130.871    -47.743     40.646
      2.460    227.005     73.558    168.073    130.278    -47.936     40.205
      2.470    228.305     73.077    168.473    129.687    -48.126     39.767
      2.480    229.598     72.595    168.869    129.099    -48.314     39.333
      2.490    230.886     72.111    169.260    128.513    -48.498     38.902
      2.500    232.169     71.625    169.647    127.930    -48.679     38.474
      2.510    233.445     71.138    170.029    127.350    -48.856     38.050
      2.520    234.716     70.648    170.408    126.772    -49.031     37.629
      2.530    235.981     70.157    170.782    126.197    -49.204     37.211
      2.540    237.240     69.664    171.152    125.624    -49.373     36.796
      2.550    238.493     69.169    171.518    125.054    -49.539     36.384
      2.560    239.741     68.673    171.880    124.486    -49.703     35.976
      2.570    240.983     68.175    172.237    123.921    -49.864     35.570
      2.580    242.219     67.676    172.591    123.358    -50.022     35.168
      2.590    243.450     67.175    172.941    122.798    -50.177     34.768
      2.600    244.675     66.672    173.286    122.240    -50.330     34.372
      2.610    245.895     66.168    173.628    121.685    -50.481     33.978
      2.620    247.109     65.663    173.966    121.132    -50.629     33.587
      2.630    248.317     65.156    174.300    120.581    -50.774     33.199
      2.640    249.521     64.647    174.630    120.032    -50.917     32.814
      2.650    250.718     64.138    174.956    119.486    -51.058     32.431
      2.660    251.910     63.626    175.279    118.942    -51.196     32.051
      2.670    253.097     63.114    175.597    118.401    -51.332     31.674
      2.680    254.278     62.600    175.912    117.861    -51.466     31.300
      2.690    255.454     62.084    176.223    117.324    -51.597     30.928
      2.700    256.625     61.568    176.531    116.789    -51.726     30.558
      2.710    257.790     61.050    176.834    116.256    -51.853     30.191
      2.720    258.950     60.531    177.135    115.726    -51.978     29.827
      2.730    260.105     60.010    177.431    115.197    -52.101     29.465
      2.740    261.254     59.489    177.724    114.671    -52.221     29.106
      2.750    262.398     58.966    178.013    114.146    -52.340     28.749
      2.760    263.537     58.442    178.299    113.624    -52.457     28.394
      2.770    264.670     57.917    178.581    113.104    -52.571     28.042
      2.780    265.799     57.390    178.860    112.586    -52.684     27.692
      2.790    266.922     56.863    179.135    112.069    -52.795     27.344
      2.800    268.040     56.335    179.407    111.555    -52.903     26.999
      2.810    269.153     55.805    179.675    111.043    -53.010     26.656
      2.820    270.261     55.274    179.940    110.533    -53.115     26.315
      2.830    271.364     54.743    180.201    110.025    -53.219     25.976
      2.840    272.462     54.210    180.459    109.518    -53.320     25.640
      2.850    273.554     53.676    180.714    109.014    -53.420     25.305
      2.860    274.642     53.142    180.965    108.511    -53.518     24.973
      2.870    275.725     52.606    181.214    108.011    -53.614     24.643
      2.880    276.802     52.069    181.458    107.512    -53.708     24.315
      2.890    277.875     51.532    181.700    107.015    -53.801     23.989
      2.900    278.942     50.993    181.938    106.520    -53.892     23.665
      2.910    280.005     50.454    182.173    106.026    -53.982     23.343
      2.920    281.063     49.914    182.405    105.535    -54.070     23.023
      2.930    282.116     49.373    182.634    105.045    -54.156     22.705
      2.940    283.164     48.831    182.859    104.557    -54.241     22.388
      2.950    284.207     48.288    183.081    104.071    -54.324     22.074
      2.960    285.245     47.744    183.301    103.586    -54.406     21.762
      2.970    286.279     47.200    183.517    103.103    -54.486     21.451
      2.980    287.307     46.654    183.730    102.622    -54.565     21.142
      2.990    288.331     46.108    183.939    102.143    -54.642     20.836
      3.000    289.350     45.562    184.146    101.665    -54.718     20.530
      3.010    290.365     45.014    184.350    101.189    -54.792     20.227
      3.020    291.374     44.466    184.551    100.715    -54.865     19.926
      3.030    292.379     43.917    184.749    100.242    -54.937     19.626
      3.040    293.379     43.367    184.943     99.770    -55.007     19.328
      3.050    294.374     42.817    185.135     99.301    -55.076     19.031
      3.060    295.365     42.265    185.324     98.833    -55.143     18.737
      3.070    296.351     41.714    185.510     98.366    -55.210     18.444
      3.080    297.332     41.161    185.693     97.901    -55.275     18.153
      3.090    298.309     40.608    185.873     97.438    -55.338     17.863
      3.100    299.281     40.055    186.050     96.976    -55.401     17.575
      3.110    300.248     39.500    186.224     96.515    -55.462     17.288
      3.120    301.211     38.945    186.396     96.057    -55.521     17.003
      3.130    302.170     38.390    186.565     95.599    -55.580     16.720
      3.140    303.123     37.834    186.730     95.143    -55.638     16.438
      3.150    304.072     37.277    186.893     94.689    -55.694     16.158
      3.160    305.017     36.720    187.054     94.236    -55.749     15.879
      3.170    305.957     36.162    187.211     93.784    -55.803     15.602
      3.180    306.893     35.604    187.366     93.334    -55.855     15.327
      3.190    307.824     35.045    187.517     92.885    -55.907     15.052
      3.200    308.751     34.486    187.667     92.438    -55.957     14.780
      3.210    309.673     33.926    187.813     91.992    -56.007     14.508
      3.220    310.590     33.366    187.957     91.547    -56.055     14.238
      3.230    311.504     32.805    188.098     91.104    -56.102     13.970
      3.240    312.412     32.244    188.236     90.662    -56.148     13.703
      3.250    313.317     31.682    188.372     90.222    -56.193     13.437
      3.260    314.217     31.120    188.505     89.782    -56.237     13.173
      3.270    315.113     30.557    188.635     89.344    -56.280     12.910
      3.280    316.004     29.994    188.763     88.908    -56.322     12.648
      3.290    316.891     29.431    188.888     88.472    -56.363     12.388
      3.300    317.773     28.867    189.011     88.038    -56.403     12.129
      3.310    318.651     28.303    189.131     87.606    -56.442     11.871
      3.320    319.525     27.738    189.248     87.174    -56.479     11.615
      3.330    320.395     27.173    189.363     86.744    -56.516     11.360
      3.340    321.260     26.608    189.476     86.315    -56.552     11.106
      3.350    322.121     26.042    189.585     85.887    -56.587     10.853
      3.360    322.978     25.476    189.693     85.460    -56.621     10.602
      3.370    323.830     24.910    189.797     85.035    -56.655     10.352
      3.380    324.679     24.343    189.900     84.611    -56.687     10.103
      3.390    325.523     23.776    189.999     84.188    -56.718      9.855
      3.400    326.362     23.208    190.097     83.766    -56.748      9.609
      3.410    327.198     22.641    190.192     83.345    -56.778      9.364
      3.420    328.029     22.073    190.284     82.926    -56.807      9.120
      3.430    328.857     21.505    190.374     82.507    -56.834      8.877
      3.440    329.679     20.936    190.462     82.090    -56.861      8.635
      3.450    330.498     20.367    190.547     81.674    -56.887      8.394
      3.460    331.313     19.798    190.629     81.259    -56.913      8.155
      3.470    332.123     19.229    190.710     80.845    -56.937      7.916
      3.480    332.930     18.660    190.788     80.432    -56.960      7.679
      3.490    333.732     18.090    190.863     80.020    -56.983      7.443
      3.500    334.530     17.520    190.937     79.610    -57.005      7.208
      3.510    335.324     16.950    191.008     79.200    -57.026      6.974
      3.520    336.114     16.380    191.076     78.792    -57.046      6.741
      3.530    336.900     15.809    191.142     78.384    -57.066      6.509
      3.540    337.682     15.238    191.206     77.978    -57.084      6.278
      3.550    338.460     14.667    191.268     77.572    -57.102      6.048
      3.560    339.233     14.096    191.327     77.168    -57.120      5.820
      3.570    340.003     13.525    191.384     76.765    -57.136      5.592
      3.580    340.769     12.954    191.439     76.362    -57.152      5.365
      3.590    341.530     12.382    191.492     75.961    -57.167      5.140
      3.600    342.288     11.810    191.542     75.561    -57.181      4.915
      3.610    343.042     11.238    191.590     75.161    -57.194      4.691
      3.620    343.791     10.666    191.636     74.763    -57.207      4.468
      3.630    344.537     10.094    191.679     74.365    -57.219      4.247
      3.640    345.278      9.522    191.721     73.969    -57.230      4.026
      3.650    346.016      8.950    191.760     73.573    -57.241      3.806
      3.660    346.750      8.377    191.797     73.179    -57.251      3.587
      3.670    347.480      7.805    191.832     72.785    -57.260      3.369
      3.680    348.206      7.232    191.864     72.392    -57.268      3.152
      3.690    348.928      6.659    191.895     72.001    -57.276      2.936
      3.700    349.646      6.086    191.923     71.610    -57.283      2.721
      3.710    350.360      5.514    191.949     71.220    -57.290      2.507
      3.720    351.070      4.941    191.973     70.831    -57.295      2.293
      3.730    351.776      4.368    191.995     70.442    -57.301      2.081
      3.740    352.479      3.795    192.015     70.055    -57.305      1.869
      3.750    353.178      3.222    192.032     69.669    -57.309      1.658
      3.760    353.872      2.648    192.048     69.283    -57.312      1.449
      3.770    354.563      2.075    192.061     68.898    -57.315      1.240
      3.780    355.250      1.502    192.073     68.514    -57.317      1.031
      3.790    355.933      0.929    192.082     68.131    -57.318      0.824
      3.800    356.613      0.356    192.089     67.749    -57.319      0.618
      3.810    357.288     -0.217    192.094     67.368    -57.319      0.412
      3.820    357.960     -0.791    192.097     66.987    -57.318      0.207
      3.830    358.628     -1.364    192.098     66.607    -57.317      0.003
      3.840    359.292     -1.937    192.097     66.228    -57.315     -0.200
      3.850    359.953     -2.510    192.094     65.850    -57.313     -0.402
      3.860    360.609     -3.083    192.089     65.473    -57.310     -0.604
      3.870    361.262     -3.656    192.082     65.096    -57.306     -0.805
      3.880    361.911     -4.229    192.073     64.721    -57.302     -1.005
      3.890    362.557     -4.802    192.062     64.346    -57.298     -1.204
      3.900    363.198     -5.375    192.049     63.972    -57.292     -1.402
      3.910    363.836     -5.948    192.034     63.598    -57.287     -1.600
      3.920    364.470     -6.521    192.017     63.225    -57.280     -1.797
      3.930    365.101     -7.094    191.998     62.853    -57.273     -1.993
      3.940    365.727     -7.666    191.977     62.482    -57.266     -2.189
      3.950    366.350     -8.239    191.955     62.112    -57.258     -2.383
      3.960    366.970     -8.812    191.930     61.742    -57.249     -2.577
      3.970    367.585     -9.384    191.903     61.373    -57.240     -2.770
      3.980    368.197     -9.956    191.874     61.005    -57.230     -2.963
      3.990    368.805    -10.529    191.844     60.637    -57.220     -3.154
      4.000    369.410    -11.101    191.811     60.270    -57.209     -3.346
      4.010    370.011    -11.673    191.777     59.904    -57.198     -3.536
      4.020    370.608    -12.245    191.741     59.539    -57.186     -3.725
      4.030    371.201    -12.817    191.702     59.174    -57.174     -3.914
      4.040    371.791    -13.388    191.662     58.810    -57.161     -4.103
      4.050    372.378    -13.960    191.620     58.446    -57.148     -4.290
      4.060    372.960    -14.531    191.576     58.084    -57.134     -4.477
      4.070    373.539    -15.102    191.531     57.722    -57.120     -4.663
      4.080    374.115    -15.674    191.483     57.360    -57.105     -4.849
      4.090    374.686    -16.245    191.434     56.999    -57.089     -5.034
      4.100    375.255    -16.815    191.383     56.639    -57.073     -5.218
      4.110    375.819    -17.386    191.329     56.280    -57.057     -5.401
      4.120    376.380    -17.956    191.275     55.921    -57.040     -5.584
      4.130    376.938    -18.527    191.218     55.563    -57.023     -5.766
      4.140    377.492    -19.097    191.159     55.205    -57.005     -5.948
      4.150    378.042    -19.667    191.099     54.848    -56.987     -6.129
      4.160    378.588    -20.237    191.037     54.492    -56.968     -6.309
      4.170    379.132    -20.806    190.973     54.136    -56.949     -6.489
      4.180    379.671    -21.376    190.907     53.781    -56.929     -6.668
      4.190    380.207    -21.945    190.839     53.426    -56.909     -6.846
      4.200    380.740    -22.514    190.770     53.072    -56.888     -7.024
      4.210    381.269    -23.083    190.699     52.719    -56.867     -7.202
      4.220    381.794    -23.651    190.626     52.366    -56.845     -7.378
      4.230    382.316    -24.219    190.551     52.014    -56.823     -7.554
      4.240    382.834    -24.788    190.475     51.663    -56.801     -7.730
      4.250    383.349    -25.355    190.397     51.312    -56.778     -7.904
      4.260    383.861    -25.923    190.317     50.961    -56.754     -8.079
      4.270    384.369    -26.491    190.235     50.611    -56.730     -8.252
      4.280    384.873    -27.058    190.152     50.262    -56.706     -8.425
      4.290    385.374    -27.625    190.067     49.913    -56.681     -8.598
      4.300    385.871    -28.191    189.980     49.565    -56.656     -8.770
      4.310    386.365    -28.758    189.891     49.217    -56.630     -8.941
      4.320    386.855    -29.324    189.801     48.870    -56.604     -9.112
      4.330    387.342    -29.890    189.709     48.523    -56.578     -9.282
      4.340    387.826    -30.456    189.615     48.177    -56.551     -9.452
      4.350    388.306    -31.021    189.520     47.832    -56.524     -9.621
      4.360    388.783    -31.586    189.423     47.486    -56.496     -9.790
      4.370    389.256    -32.151    189.324     47.142    -56.468     -9.958
      4.380    389.725    -32.715    189.224     46.798    -56.439    -10.125
      4.390    390.192    -33.280    189.122     46.454    -56.410    -10.292
      4.400    390.655    -33.844    189.018     46.111    -56.380    -10.459
      4.410    391.114    -34.407    188.912     45.769    -56.350    -10.625
      4.420    391.570    -34.971    188.805     45.427    -56.320    -10.790
      4.430    392.022    -35.534    188.697     45.085    -56.289    -10.955
      4.440    392.472    -36.096    188.586     44.744    -56.258    -11.119
      4.450    392.917    -36.659    188.474     44.403    -56.227    -11.283
      4.460    393.360    -37.221    188.361     44.063    -56.195    -11.447
      4.470    393.799    -37.783    188.245     43.723    -56.162    -11.609
      4.480    394.234    -38.344    188.128     43.384    -56.130    -11.772
      4.490    394.666    -38.905    188.010     43.045    -56.096    -11.934
      4.500    395.095    -39.466    187.890     42.707    -56.063    -12.095
      4.510    395.520    -40.026    187.768     42.369    -56.029    -12.256
      4.520    395.942    -40.587    187.645     42.032    -55.994    -12.416
      4.530    396.361    -41.146    187.520     41.695    -55.960    -12.576
      4.540    396.776    -41.706    187.393     41.358    -55.925    -12.735
      4.550    397.188    -42.265    187.265     41.022    -55.889    -12.894
      4.560    397.597    -42.824    187.135     40.687    -55.853    -13.053
      4.570    398.002    -43.382    187.004     40.351    -55.817    -13.211
      4.580    398.404    -43.940    186.871     40.017    -55.780    -13.368
      4.590    398.802    -44.498    186.737     39.682    -55.743    -13.525
      4.600    399.197    -45.055    186.601     39.348    -55.705    -13.682
      4.610    399.589    -45.612    186.463     39.015    -55.668    -13.838
      4.620    399.978    -46.168    186.324     38.681    -55.629    -13.993
      4.630    400.363    -46.724    186.183     38.349    -55.591    -14.149
      4.640    400.745    -47.280    186.041     38.016    -55.552    -14.303
      4.650    401.123    -47.835    185.897     37.684    -55.512    -14.458
      4.660    401.498    -48.390    185.752     37.353    -55.473    -14.612
      4.670    401.870    -48.945    185.605     37.021    -55.432    -14.765
      4.680    402.239    -49.499    185.456     36.691    -55.392    -14.918
      4.690    402.604    -50.053    185.306     36.360    -55.351    -15.070
      4.700    402.966    -50.606    185.155     36.030    -55.310    -15.222
      4.710    403.325    -51.159    185.002     35.700    -55.268    -15.374
      4.720    403.680    -51.711    184.847     35.371    -55.226    -15.525
      4.730    404.032    -52.263    184.691     35.042    -55.184    -15.676
      4.740    404.381    -52.815    184.534     34.714    -55.141    -15.827
      4.750    404.726    -53.366    184.375     34.385    -55.098    -15.977
      4.760    405.069    -53.917    184.214     34.057    -55.055    -16.126
      4.770    405.408    -54.467    184.052     33.730    -55.011    -16.275
      4.780    405.743    -55.017    183.889     33.403    -54.967    -16.424
      4.790    406.076    -55.567    183.724     33.076    -54.922    -16.572
      4.800    406.405    -56.116    183.557     32.749    -54.877    -16.720
      4.810    406.731    -56.664    183.390     32.423    -54.832    -16.868
      4.820    407.053    -57.212    183.220     32.097    -54.786    -17.015
      4.830    407.373    -57.760    183.049     31.772    -54.740    -17.161
      4.840    407.689    -58.307    182.877     31.446    -54.694    -17.308
      4.850    408.001    -58.854    182.703     31.122    -54.648    -17.454
      4.860    408.311    -59.400    182.528     30.797    -54.600    -17.599
      4.870    408.617    -59.946    182.351     30.473    -54.553    -17.744
      4.880    408.921    -60.491    182.173     30.149    -54.505    -17.889
      4.890    409.220    -61.036    181.993     29.825    -54.457    -18.033
      4.900    409.517    -61.580    181.812     29.502    -54.409    -18.177
      4.910    409.810    -62.124    181.630     29.179    -54.360    -18.321
      4.920    410.101    -62.667    181.446     28.856    -54.311    -18.464
      4.930    410.388    -63.210    181.261     28.534    -54.262    -18.607
      4.940    410.671    -63.753    181.074     28.211    -54.212    -18.749
      4.950    410.952    -64.294    180.886     27.889    -54.162    -18.891
      4.960    411.229    -64.836    180.696     27.568    -54.111    -19.033
      4.970    411.503    -65.377    180.505     27.247    -54.060    -19.175
      4.980    411.774    -65.917    180.312     26.925    -54.009    -19.316
      4.990    412.042    -66.457    180.119     26.605    -53.957    -19.456
      5.000    412.306    -66.996    179.923     26.284    -53.906    -19.596
      5.010    412.567    -67.535    179.727     25.964    -53.853    -19.736
      5.020    412.825    -68.073    179.529     25.644    -53.801    -19.876
      5.030    413.080    -68.611    179.329     25.324    -53.748    -20.015
      5.040    413.332    -69.148    179.128     25.005    -53.695    -20.154
      5.050    413.580    -69.685    178.926     24.686    -53.641    -20.292
      5.060    413.826    -70.221    178.722     24.367    -53.587    -20.431
      5.070    414.068    -70.757    178.517     24.048    -53.533    -20.568
      5.080    414.307    -71.292    178.311     23.729    -53.478    -20.706
      5.090    414.542    -71.826    178.103     23.411    -53.423    -20.843
      5.100    414.775    -72.360    177.894     23.093    -53.368    -20.980
      5.110    415.004    -72.893    177.684     22.775    -53.312    -21.116
      5.120    415.230    -73.426    177.472     22.458    -53.256    -21.252
      5.130    415.453    -73.959    177.259     22.141    -53.200    -21.388
      5.140    415.673    -74.490    177.044     21.824    -53.143    -21.524
      5.150    415.890    -75.021    176.828     21.507    -53.086    -21.659
      5.160    416.103    -75.552    176.611     21.190    -53.029    -21.793
      5.170    416.314    -76.082    176.392     20.874    -52.972    -21.928
      5.180    416.521    -76.611    176.172     20.557    -52.914    -22.062
      5.190    416.725    -77.140    175.951     20.241    -52.855    -22.196
      5.200    416.926    -77.669    175.728     19.926    -52.797    -22.329
      5.210    417.123    -78.196    175.505     19.610    -52.738    -22.463
      5.220    417.318    -78.723    175.279     19.295    -52.678    -22.595
      5.230    417.509    -79.250    175.053     18.979    -52.619    -22.728
      5.240    417.697    -79.776    174.825     18.664    -52.559    -22.860
      5.250    417.882    -80.301    174.595     18.349    -52.498    -22.992
      5.260    418.064    -80.826    174.365     18.035    -52.438    -23.124
      5.270    418.243    -81.350    174.133     17.720    -52.377    -23.255
      5.280    418.419    -81.873    173.900     17.406    -52.315    -23.386
      5.290    418.591    -82.396    173.665     17.092    -52.254    -23.517
      5.300    418.761    -82.918    173.429     16.778    -52.192    -23.647
      5.310    418.927    -83.440    173.192     16.464    -52.129    -23.777
      5.320    419.090    -83.961    172.954     16.151    -52.067    -23.907
      5.330    419.250    -84.481    172.714     15.837    -52.004    -24.037
      5.340    419.407    -85.001    172.473     15.524    -51.941    -24.166
      5.350    419.560    -85.520    172.231     15.211    -51.877    -24.295
      5.360    419.711    -86.038    171.987     14.898    -51.813    -24.423
      5.370    419.858    -86.556    171.742     14.585    -51.749    -24.552
      5.380    420.002    -87.073    171.496     14.273    -51.684    -24.680
      5.390    420.144    -87.590    171.249     13.960    -51.619    -24.807
      5.400    420.282    -88.106    171.000     13.648    -51.554    -24.935
      5.410    420.417    -88.621    170.750     13.336    -51.488    -25.062
      5.420    420.548    -89.136    170.499     13.024    -51.422    -25.189
      5.430    420.677    -89.649    170.246     12.712    -51.356    -25.316
      5.440    420.803    -90.163    169.992     12.400    -51.289    -25.442
      5.450    420.925    -90.675    169.737     12.088    -51.222    -25.568
      5.460    421.044    -91.187    169.481     11.777    -51.155    -25.694
      5.470    421.161    -91.698    169.224     11.465    -51.087    -25.819
      5.480    421.274    -92.209    168.965     11.154    -51.019    -25.944
      5.490    421.384    -92.719    168.705     10.843    -50.951    -26.069
      5.500    421.491    -93.228    168.443     10.532    -50.883    -26.194
      5.510    421.594    -93.736    168.181     10.221    -50.814    -26.319
      5.520    421.695    -94.244    167.917      9.910    -50.744    -26.443
      5.530    421.793    -94.751    167.652      9.599    -50.675    -26.567
      5.540    421.887    -95.258    167.386      9.289    -50.605    -26.690
      5.550    421.978    -95.763    167.118      8.978    -50.534    -26.814
      5.560    422.067    -96.268    166.849      8.668    -50.464    -26.937
      5.570    422.152    -96.773    166.579      8.358    -50.393    -27.059
      5.580    422.234    -97.276    166.308      8.047    -50.322    -27.182
      5.590    422.313    -97.779    166.036      7.737    -50.250    -27.304
      5.600    422.388    -98.281    165.762      7.427    -50.178    -27.426
      5.610    422.461    -98.783    165.487      7.117    -50.106    -27.548
      5.620    422.531    -99.283    165.211      6.807    -50.033    -27.670
      5.630    422.597    -99.783    164.934      6.498    -49.960    -27.791
      5.640    422.661   -100.283    164.655      6.188    -49.887    -27.912
      5.650    422.721   -100.781    164.376      5.878    -49.813    -28.033
      5.660    422.778   -101.279    164.095      5.569    -49.739    -28.153
      5.670    422.832   -101.776    163.813      5.259    -49.665    -28.274
      5.680    422.884   -102.272    163.529      4.950    -49.590    -28.394
      5.690    422.931   -102.768    163.245      4.641    -49.515    -28.513
      5.700    422.976   -103.262    162.959      4.331    -49.440    -28.633
      5.710    423.018   -103.756    162.672      4.022    -49.364    -28.752
      5.720    423.057   -104.250    162.384      3.713    -49.288    -28.871
      5.730    423.092   -104.742    162.095      3.404    -49.212    -28.990
      5.740    423.125   -105.234    161.804      3.095    -49.135    -29.109
      5.750    423.154   -105.725    161.512      2.786    -49.058    -29.227
      5.760    423.181   -106.215    161.220      2.477    -48.981    -29.345
      5.770    423.204   -106.704    160.926      2.168    -48.903    -29.463
      5.780    423.224   -107.193    160.630      1.859    -48.825    -29.580
      5.790    423.241   -107.681    160.334      1.550    -48.747    -29.698
      5.800    423.255   -108.168    160.036      1.241    -48.668    -29.815
      5.810    423.266   -108.654    159.738      0.932    -48.589    -29.932
      5.820    423.274   -109.140    159.438      0.624    -48.509    -30.049
      5.830    423.278   -109.625    159.137      0.315    -48.430    -30.165
      5.840    423.280   -110.108    158.834      0.006    -48.349    -30.281
      5.850    423.278   -110.592    158.531     -0.303    -48.269    -30.397
      5.860    423.274   -111.074    158.226     -0.611    -48.188    -30.513
      5.870    423.266   -111.555    157.921     -0.920    -48.107    -30.629
      5.880    423.255   -112.036    157.614     -1.229    -48.025    -30.744
      5.890    423.242   -112.516    157.306     -1.537    -47.944    -30.859
      5.900    423.225   -112.995    156.997     -1.846    -47.861    -30.974
      5.910    423.205   -113.473    156.686     -2.154    -47.779    -31.088
      5.920    423.182   -113.950    156.375     -2.463    -47.696    -31.203
      5.930    423.155   -114.427    156.062     -2.772    -47.613    -31.317
      5.940    423.126   -114.903    155.749     -3.080    -47.529    -31.431
      5.950    423.094   -115.377    155.434     -3.389    -47.445    -31.545
      5.960    423.058   -115.852    155.118     -3.698    -47.361    -31.658
      5.970    423.020   -116.325    154.801     -4.006    -47.276    -31.772
      5.980    422.978   -116.797    154.482     -4.315    -47.191    -31.885
      5.990    422.934   -117.269    154.163     -4.624    -47.105    -31.998
      6.000    422.886   -117.739    153.842     -4.932    -47.020    -32.110
      6.010    422.835   -118.209    153.521     -5.241    -46.933    -32.223
      6.020    422.781   -118.678    153.198     -5.550    -46.847    -32.335
      6.030    422.724   -119.146    152.874     -5.859    -46.760    -32.447
      6.040    422.664   -119.613    152.549     -6.168    -46.673    -32.559
      6.050    422.601   -120.079    152.223     -6.477    -46.585    -32.671
      6.060    422.534   -120.545    151.896     -6.785    -46.497    -32.782
      6.070    422.465   -121.009    151.567     -7.094    -46.409    -32.893
      6.080    422.392   -121.473    151.238     -7.403    -46.320    -33.004
      6.090    422.317   -121.936    150.907     -7.712    -46.231    -33.115
      6.100    422.238   -122.398    150.575     -8.021    -46.142    -33.226
      6.110    422.156   -122.858    150.243     -8.331    -46.052    -33.336
      6.120    422.071   -123.319    149.909     -8.640    -45.962    -33.446
      6.130    421.984   -123.778    149.574     -8.949    -45.871    -33.556
      6.140    421.893   -124.236    149.238     -9.258    -45.780    -33.666
      6.150    421.798   -124.693    148.900     -9.568    -45.689    -33.776
      6.160    421.701   -125.150    148.562     -9.877    -45.598    -33.885
      6.170    421.601   -125.605    148.223    -10.187    -45.505    -33.994
      6.180    421.497   -126.060    147.882    -10.496    -45.413    -34.103
      6.190    421.391   -126.514    147.541    -10.806    -45.320    -34.212
      6.200    421.281   -126.966    147.198    -11.116    -45.227    -34.321
      6.210    421.169   -127.418    146.854    -11.425    -45.134    -34.429
      6.220    421.053   -127.869    146.509    -11.735    -45.040    -34.537
      6.230    420.934   -128.319    146.163    -12.045    -44.945    -34.645
      6.240    420.812   -128.768    145.816    -12.355    -44.851    -34.753
      6.250    420.687   -129.216    145.468    -12.665    -44.756    -34.861
      6.260    420.559   -129.663    145.119    -12.976    -44.660    -34.968
      6.270    420.427   -130.109    144.769    -13.286    -44.564    -35.075
      6.280    420.293   -130.554    144.418    -13.596    -44.468    -35.182
      6.290    420.155   -130.998    144.065    -13.907    -44.371    -35.289
      6.300    420.015   -131.442    143.712    -14.218    -44.274    -35.396
      6.310    419.871   -131.884    143.357    -14.528    -44.177    -35.502
      6.320    419.724   -132.325    143.002    -14.839    -44.079    -35.609
      6.330    419.574   -132.765    142.645    -15.150    -43.981    -35.715
      6.340    419.421   -133.205    142.288    -15.461    -43.882    -35.821
      6.350    419.265   -133.643    141.929    -15.772    -43.783    -35.926
      6.360    419.106   -134.080    141.569    -16.084    -43.684    -36.032
      6.370    418.943   -134.517    141.208    -16.395    -43.584    -36.137
      6.380    418.778   -134.952    140.846    -16.707    -43.484    -36.243
      6.390    418.609   -135.386    140.483    -17.018    -43.383    -36.348
      6.400    418.437   -135.820    140.119    -17.330    -43.282    -36.452
      6.410    418.263   -136.252    139.754    -17.642    -43.181    -36.557
      6.420    418.085   -136.683    139.388    -17.954    -43.079    -36.661
      6.430    417.903   -137.114    139.021    -18.267    -42.977    -36.766
      6.440    417.719   -137.543    138.653    -18.579    -42.874    -36.870
      6.450    417.532   -137.971    138.284    -18.892    -42.771    -36.974
      6.460    417.341   -138.398    137.913    -19.204    -42.667    -37.077
      6.470    417.148   -138.825    137.542    -19.517    -42.563    -37.181
      6.480    416.951   -139.250    137.170    -19.830    -42.459    -37.284
      6.490    416.751   -139.674    136.796    -20.143    -42.354    -37.387
      6.500    416.548   -140.097    136.422    -20.456    -42.249    -37.490
      6.510    416.342   -140.519    136.047    -20.770    -42.143    -37.593
      6.520    416.133   -140.940    135.670    -21.084    -42.037    -37.696
      6.530    415.920   -141.359    135.293    -21.397    -41.931    -37.798
      6.540    415.705   -141.778    134.914    -21.711    -41.824    -37.901
      6.550    415.486   -142.196    134.535    -22.026    -41.717    -38.003
      6.560    415.264   -142.613    134.154    -22.340    -41.609    -38.105
      6.570    415.039   -143.028    133.773    -22.654    -41.501    -38.207
      6.580    414.811   -143.443    133.390    -22.969    -41.392    -38.308
      6.590    414.580   -143.856    133.006    -23.284    -41.283    -38.410
      6.600    414.346   -144.268    132.622    -23.599    -41.173    -38.511
      6.610    414.108   -144.679    132.236    -23.914    -41.064    -38.612
      6.620    413.867   -145.089    131.850    -24.230    -40.953    -38.713
      6.630    413.623   -145.498    131.462    -24.546    -40.842    -38.813
      6.640    413.376   -145.906    131.073    -24.861    -40.731    -38.914
      6.650    413.126   -146.313    130.684    -25.178    -40.619    -39.014
      6.660    412.873   -146.719    130.293    -25.494    -40.507    -39.115
      6.670    412.616   -147.123    129.901    -25.810    -40.394    -39.215
      6.680    412.357   -147.527    129.509    -26.127    -40.281    -39.315
      6.690    412.094   -147.929    129.115    -26.444    -40.168    -39.414
      6.700    411.828   -148.330    128.720    -26.761    -40.054    -39.514
      6.710    411.559   -148.730    128.325    -27.079    -39.939    -39.613
      6.720    411.286   -149.129    127.928    -27.396    -39.824    -39.712
      6.730    411.011   -149.526    127.531    -27.714    -39.709    -39.811
      6.740    410.732   -149.923    127.132    -28.032    -39.593    -39.910
      6.750    410.450   -150.318    126.732    -28.350    -39.476    -40.009
      6.760    410.165   -150.712    126.332    -28.669    -39.359    -40.107
      6.770    409.877   -151.105    125.930    -28.988    -39.242    -40.206
      6.780    409.585   -151.497    125.528    -29.307    -39.124    -40.304
      6.790    409.290   -151.888    125.124    -29.626    -39.006    -40.402
      6.800    408.993   -152.277    124.720    -29.946    -38.887    -40.500
      6.810    408.692   -152.666    124.314    -30.266    -38.768    -40.598
      6.820    408.387   -153.053    123.908    -30.586    -38.648    -40.695
      6.830    408.080   -153.439    123.500    -30.906    -38.528    -40.792
      6.840    407.769   -153.823    123.092    -31.227    -38.407    -40.890
      6.850    407.455   -154.207    122.682    -31.548    -38.286    -40.987
      6.860    407.138   -154.589    122.272    -31.869    -38.164    -41.084
      6.870    406.818   -154.970    121.861    -32.190    -38.042    -41.180
      6.880    406.494   -155.350    121.448    -32.512    -37.919    -41.277
      6.890    406.168   -155.728    121.035    -32.834    -37.796    -41.373
      6.900    405.838   -156.106    120.621    -33.156    -37.672    -41.469
      6.910    405.505   -156.482    120.206    -33.479    -37.548    -41.565
      6.920    405.168   -156.857    119.790    -33.802    -37.423    -41.661
      6.930    404.829   -157.230    119.373    -34.125    -37.298    -41.757
      6.940    404.486   -157.603    118.955    -34.448    -37.172    -41.853
      6.950    404.140   -157.974    118.536    -34.772    -37.046    -41.948
      6.960    403.790   -158.344    118.116    -35.096    -36.919    -42.043
      6.970    403.438   -158.712    117.695    -35.420    -36.791    -42.138
      6.980    403.082   -159.079    117.273    -35.745    -36.663    -42.233
      6.990    402.723   -159.445    116.850    -36.070    -36.535    -42.328
      7.000    402.360   -159.810    116.426    -36.395    -36.406    -42.422
      7.010    401.995   -160.173    116.002    -36.721    -36.276    -42.517
      7.020    401.626   -160.536    115.576    -37.047    -36.146    -42.611
      7.030    401.254   -160.896    115.149    -37.373    -36.016    -42.705
      7.040    400.878   -161.256    114.722    -37.700    -35.884    -42.799
      7.050    400.500   -161.614    114.293    -38.027    -35.753    -42.893
      7.060    400.118   -161.971    113.864    -38.354    -35.620    -42.986
      7.070    399.733   -162.326    113.434    -38.682    -35.487    -43.080
      7.080    399.344   -162.681    113.002    -39.010    -35.354    -43.173
      7.090    398.953   -163.034    112.570    -39.339    -35.220    -43.266
      7.100    398.558   -163.385    112.137    -39.667    -35.085    -43.359
      7.110    398.159   -163.735    111.703    -39.997    -34.950    -43.452
      7.120    397.758   -164.084    111.268    -40.326    -34.815    -43.544
      7.130    397.353   -164.432    110.832    -40.656    -34.678    -43.637
      7.140    396.944   -164.778    110.395    -40.986    -34.542    -43.729
      7.150    396.533   -165.122    109.958    -41.317    -34.404    -43.821
      7.160    396.118   -165.466    109.519    -41.648    -34.266    -43.913
      7.170    395.700   -165.808    109.079    -41.979    -34.127    -44.005
      7.180    395.279   -166.148    108.639    -42.311    -33.988    -44.097
      7.190    394.854   -166.487    108.197    -42.643    -33.848    -44.188
      7.200    394.426   -166.825    107.755    -42.975    -33.708    -44.279
      7.210    393.994   -167.162    107.312    -43.308    -33.567    -44.371
      7.220    393.560   -167.497    106.868    -43.642    -33.425    -44.462
      7.230    393.121   -167.830    106.423    -43.976    -33.283    -44.552
      7.240    392.680   -168.162    105.977    -44.310    -33.140    -44.643
      7.250    392.235   -168.493    105.530    -44.644    -32.997    -44.733
      7.260    391.787   -168.822    105.082    -44.979    -32.852    -44.824
      7.270    391.336   -169.150    104.633    -45.315    -32.708    -44.914
      7.280    390.881   -169.476    104.184    -45.651    -32.562    -45.004
      7.290    390.423   -169.801    103.733    -45.987    -32.416    -45.094
      7.300    389.961   -170.125    103.282    -46.324    -32.270    -45.183
      7.310    389.496   -170.447    102.829    -46.661    -32.122    -45.273
      7.320    389.028   -170.767    102.376    -46.998    -31.974    -45.362
      7.330    388.556   -171.086    101.922    -47.336    -31.826    -45.451
      7.340    388.081   -171.404    101.467    -47.675    -31.676    -45.540
      7.350    387.603   -171.720    101.011    -48.014    -31.526    -45.629
      7.360    387.121   -172.034    100.555    -48.353    -31.376    -45.718
      7.370    386.636   -172.347    100.097    -48.693    -31.224    -45.806
      7.380    386.147   -172.659     99.639    -49.034    -31.073    -45.894
      7.390    385.655   -172.969     99.179    -49.375    -30.920    -45.983
      7.400    385.159   -173.277     98.719    -49.716    -30.767    -46.071
      7.410    384.661   -173.584     98.258    -50.058    -30.613    -46.158
      7.420    384.158   -173.889     97.796    -50.400    -30.458    -46.246
      7.430    383.653   -174.193     97.333    -50.743    -30.302    -46.333
      7.440    383.143   -174.495     96.869    -51.086    -30.146    -46.421
      7.450    382.631   -174.796     96.404    -51.430    -29.990    -46.508
      7.460    382.115   -175.095     95.939    -51.774    -29.832    -46.595
      7.470    381.595   -175.393     95.473    -52.119    -29.674    -46.681
      7.480    381.072   -175.689     95.005    -52.464    -29.515    -46.768
      7.490    380.546   -175.983     94.537    -52.810    -29.355    -46.854
      7.500    380.016   -176.276     94.068    -53.156    -29.195    -46.941
      7.510    379.483   -176.567     93.598    -53.503    -29.034    -47.027
      7.520    378.946   -176.856     93.128    -53.851    -28.872    -47.113
      7.530    378.406   -177.144     92.656    -54.199    -28.709    -47.198
      7.540    377.862   -177.430     92.184    -54.547    -28.546    -47.284
      7.550    377.315   -177.715     91.710    -54.896    -28.381    -47.369
      7.560    376.764   -177.998     91.236    -55.246    -28.217    -47.454
      7.570    376.210   -178.279     90.761    -55.596    -28.051    -47.539
      7.580    375.652   -178.559     90.286    -55.947    -27.884    -47.624
      7.590    375.091   -178.837     89.809    -56.298    -27.717    -47.709
      7.600    374.526   -179.113     89.331    -56.650    -27.549    -47.793
      7.610    373.958   -179.388     88.853    -57.003    -27.380    -47.877
      7.620    373.386   -179.661     88.374    -57.356    -27.211    -47.961
      7.630    372.811   -179.932     87.894    -57.709    -27.040    -48.045
      7.640    372.232   -180.202     87.413    -58.063    -26.869    -48.129
      7.650    371.650   -180.470     86.931    -58.418    -26.697    -48.213
      7.660    371.064   -180.736     86.449    -58.774    -26.524    -48.296
      7.670    370.474   -181.000     85.965    -59.130    -26.350    -48.379
      7.680    369.881   -181.263     85.481    -59.486    -26.176    -48.462
      7.690    369.285   -181.524     84.996    -59.844    -26.001    -48.545
      7.700    368.684   -181.783     84.510    -60.202    -25.824    -48.627
      7.710    368.081   -182.040     84.024    -60.560    -25.647    -48.710
      7.720    367.473   -182.296     83.536    -60.919    -25.469    -48.792
      7.730    366.862   -182.550     83.048    -61.279    -25.291    -48.874
      7.740    366.248   -182.802     82.559    -61.640    -25.111    -48.956
      7.750    365.629   -183.052     82.069    -62.001    -24.931    -49.037
      7.760    365.008   -183.300     81.578    -62.362    -24.749    -49.119
      7.770    364.382   -183.547     81.086    -62.725    -24.567    -49.200
      7.780    363.753   -183.791     80.594    -63.088    -24.384    -49.281
      7.790    363.120   -184.034     80.101    -63.452    -24.200    -49.362
      7.800    362.484   -184.275     79.607    -63.816    -24.015    -49.442
      7.810    361.844   -184.515     79.112    -64.181    -23.829    -49.523
      7.820    361.200   -184.752     78.616    -64.547    -23.642    -49.603
      7.830    360.553   -184.988     78.120    -64.914    -23.454    -49.683
      7.840    359.902   -185.221     77.622    -65.281    -23.265    -49.763
      7.850    359.247   -185.453     77.124    -65.649    -23.076    -49.842
      7.860    358.589   -185.683     76.626    -66.018    -22.885    -49.922
      7.870    357.927   -185.911     76.126    -66.387    -22.693    -50.001
      7.880    357.261   -186.137     75.626    -66.757    -22.501    -50.080
      7.890    356.592   -186.361     75.124    -67.128    -22.307    -50.158
      7.900    355.919   -186.583     74.622    -67.500    -22.113    -50.237
      7.910    355.242   -186.803     74.120    -67.872    -21.917    -50.315
      7.920    354.561   -187.021     73.616    -68.245    -21.721    -50.393
      7.930    353.877   -187.237     73.112    -68.619    -21.523    -50.471
      7.940    353.189   -187.451     72.607    -68.994    -21.325    -50.549
      7.950    352.497   -187.664     72.101    -69.369    -21.125    -50.626
      7.960    351.802   -187.874     71.594    -69.745    -20.925    -50.703
      7.970    351.102   -188.082     71.087    -70.122    -20.723    -50.780
      7.980    350.399   -188.288     70.579    -70.500    -20.520    -50.857
      7.990    349.692   -188.493     70.070    -70.878    -20.317    -50.933
      8.000    348.982   -188.695     69.560    -71.258    -20.112    -51.009
      8.010    348.267   -188.895     69.049    -71.638    -19.906    -51.085
      8.020    347.549   -189.093     68.538    -72.019    -19.699    -51.161
      8.030    346.827   -189.289     68.026    -72.401    -19.491    -51.237
      8.040    346.101   -189.483     67.514    -72.784    -19.282    -51.312
      8.050    345.371   -189.674     67.000    -73.167    -19.071    -51.387
      8.060    344.637   -189.864     66.486    -73.551    -18.860    -51.462
      8.070    343.900   -190.052     65.971    -73.937    -18.647    -51.536
      8.080    343.159   -190.237     65.455    -74.323    -18.434    -51.611
      8.090    342.414   -190.420     64.939    -74.710    -18.219    -51.685
      8.100    341.665   -190.601     64.421    -75.098    -18.003    -51.758
      8.110    340.912   -190.780     63.903    -75.486    -17.786    -51.832
      8.120    340.155   -190.957     63.385    -75.876    -17.567    -51.905
      8.130    339.394   -191.132     62.865    -76.266    -17.348    -51.978
      8.140    338.629   -191.304     62.345    -76.658    -17.127    -52.051
      8.150    337.861   -191.474     61.824    -77.050    -16.905    -52.123
      8.160    337.088   -191.642     61.303    -77.443    -16.682    -52.195
      8.170    336.312   -191.808     60.780    -77.838    -16.457    -52.267
      8.180    335.532   -191.971     60.257    -78.233    -16.232    -52.339
      8.190    334.747   -192.132     59.734    -78.629    -16.005    -52.410
      8.200    333.959   -192.291     59.209    -79.026    -15.776    -52.481
      8.210    333.167   -192.448     58.684    -79.424    -15.547    -52.552
      8.220    332.371   -192.602     58.158    -79.823    -15.316    -52.623
      8.230    331.570   -192.754     57.632    -80.223    -15.084    -52.693
      8.240    330.766   -192.904     57.104    -80.624    -14.850    -52.763
      8.250    329.958   -193.051     56.576    -81.026    -14.616    -52.832
      8.260    329.146   -193.196     56.048    -81.429    -14.380    -52.902
      8.270    328.329   -193.339     55.518    -81.832    -14.142    -52.971
      8.280    327.509   -193.479     54.988    -82.237    -13.903    -53.039
      8.290    326.685   -193.617     54.457    -82.643    -13.663    -53.108
      8.300    325.856   -193.752     53.926    -83.050    -13.421    -53.176
      8.310    325.024   -193.885     53.394    -83.459    -13.178    -53.244
      8.320    324.187   -194.016     52.861    -83.868    -12.934    -53.311
      8.330    323.346   -194.144     52.328    -84.278    -12.688    -53.378
      8.340    322.501   -194.270     51.794    -84.689    -12.441    -53.445
      8.350    321.652   -194.393     51.259    -85.102    -12.192    -53.512
      8.360    320.799   -194.514     50.723    -85.515    -11.941    -53.578
      8.370    319.942   -194.632     50.187    -85.930    -11.690    -53.643
      8.380    319.081   -194.747     49.651    -86.345    -11.436    -53.709
      8.390    318.215   -194.860     49.113    -86.762    -11.182    -53.774
      8.400    317.345   -194.971     48.575    -87.180    -10.925    -53.839
      8.410    316.472   -195.079     48.036    -87.599    -10.667    -53.903
      8.420    315.594   -195.184     47.497    -88.019    -10.408    -53.967
      8.430    314.711   -195.287     46.957    -88.441    -10.147    -54.031
      8.440    313.825   -195.387     46.416    -88.863     -9.884    -54.094
      8.450    312.934   -195.485     45.875    -89.287     -9.620    -54.157
      8.460    312.039   -195.580     45.333    -89.712     -9.354    -54.220
      8.470    311.140   -195.672     44.791    -90.138     -9.086    -54.282
      8.480    310.236   -195.761     44.248    -90.565     -8.817    -54.343
      8.490    309.328   -195.848     43.704    -90.994     -8.546    -54.405
      8.500    308.416   -195.932     43.160    -91.424     -8.274    -54.466
      8.510    307.500   -196.014     42.615    -91.855     -8.000    -54.526
      8.520    306.579   -196.092     42.069    -92.287     -7.723    -54.587
      8.530    305.654   -196.168     41.523    -92.721     -7.446    -54.646
      8.540    304.725   -196.241     40.976    -93.156     -7.166    -54.706
      8.550    303.791   -196.311     40.429    -93.592     -6.885    -54.764
      8.560    302.853   -196.379     39.881    -94.029     -6.602    -54.823
      8.570    301.910   -196.443     39.332    -94.468     -6.317    -54.881
      8.580    300.964   -196.505     38.783    -94.908     -6.030    -54.939
      8.590    300.012   -196.564     38.233    -95.349     -5.741    -54.996
      8.600    299.057   -196.620     37.683    -95.792     -5.451    -55.052
      8.610    298.096   -196.673     37.132    -96.236     -5.158    -55.109
      8.620    297.132   -196.723     36.581    -96.681     -4.864    -55.164
      8.630    296.163   -196.770     36.029    -97.128     -4.567    -55.220
      8.640    295.189   -196.814     35.477    -97.576     -4.269    -55.274
      8.650    294.211   -196.856     34.924    -98.026     -3.969    -55.329
      8.660    293.229   -196.894     34.370    -98.477     -3.666    -55.382
      8.670    292.242   -196.929     33.816    -98.930     -3.362    -55.436
      8.680    291.250   -196.961     33.261    -99.383     -3.056    -55.489
      8.690    290.254   -196.990     32.706    -99.839     -2.747    -55.541
      8.700    289.253   -197.016     32.151   -100.296     -2.437    -55.593
      8.710    288.248   -197.039     31.594   -100.754     -2.124    -55.644
      8.720    287.238   -197.058     31.038   -101.214     -1.809    -55.694
      8.730    286.224   -197.075     30.481   -101.675     -1.492    -55.745
      8.740    285.205   -197.088     29.923   -102.138     -1.173    -55.794
      8.750    284.181   -197.098     29.365   -102.602     -0.851    -55.843
      8.760    283.153   -197.105     28.806   -103.068     -0.528    -55.892
      8.770    282.120   -197.109     28.247   -103.535     -0.202    -55.939
      8.780    281.082   -197.109     27.687   -104.004      0.127    -55.987
      8.790    280.040   -197.106     27.127   -104.475      0.457    -56.033
      8.800    278.992   -197.100     26.567   -104.947      0.790    -56.079
      8.810    277.941   -197.091     26.006   -105.421      1.126    -56.125
      8.820    276.884   -197.078     25.444   -105.896      1.463    -56.169
      8.830    275.823   -197.061     24.882   -106.374      1.804    -56.214
      8.840    274.757   -197.042     24.320   -106.852      2.146    -56.257
      8.850    273.686   -197.018     23.757   -107.333      2.491    -56.300
      8.860    272.610   -196.992     23.194   -107.815      2.839    -56.342
      8.870    271.529   -196.962     22.630   -108.299      3.189    -56.383
      8.880    270.444   -196.928     22.066   -108.784      3.542    -56.424
      8.890    269.354   -196.891     21.502   -109.271      3.898    -56.464
      8.900    268.259   -196.850     20.937   -109.760      4.256    -56.503
      8.910    267.158   -196.806     20.372   -110.251      4.617    -56.542
      8.920    266.053   -196.758     19.806   -110.744      4.980    -56.580
      8.930    264.944   -196.706     19.240   -111.238      5.346    -56.617
      8.940    263.829   -196.651     18.674   -111.734      5.716    -56.653
      8.950    262.709   -196.592     18.107   -112.232      6.087    -56.689
      8.960    261.584   -196.529     17.540   -112.732      6.462    -56.724
      8.970    260.454   -196.462     16.972   -113.234      6.840    -56.758
      8.980    259.319   -196.392     16.405   -113.737      7.220    -56.791
      8.990    258.179   -196.318     15.837   -114.243      7.604    -56.823
      9.000    257.035   -196.240     15.268   -114.750      7.991    -56.854
      9.010    255.884   -196.158     14.700   -115.259      8.380    -56.885
      9.020    254.729   -196.072     14.131   -115.770      8.773    -56.915
      9.030    253.569   -195.983     13.561   -116.284      9.169    -56.943
      9.040    252.404   -195.889     12.992   -116.799      9.568    -56.971
      9.050    251.233   -195.791     12.422   -117.316      9.970    -56.998
      9.060    250.057   -195.690     11.852   -117.835     10.375    -57.024
      9.070    248.876   -195.584     11.281   -118.356     10.784    -57.049
      9.080    247.690   -195.474     10.711   -118.880     11.196    -57.073
      9.090    246.499   -195.360     10.140   -119.405     11.612    -57.096
      9.100    245.302   -195.242      9.569   -119.932     12.031    -57.118
      9.110    244.100   -195.119      8.998   -120.462     12.453    -57.139
      9.120    242.893   -194.993      8.426   -120.993     12.879    -57.159
      9.130    241.680   -194.862      7.854   -121.527     13.308    -57.178
      9.140    240.462   -194.726      7.283   -122.063     13.741    -57.196
      9.150    239.239   -194.587      6.711   -122.601     14.178    -57.212
      9.160    238.010   -194.443      6.138   -123.142     14.619    -57.228
      9.170    236.776   -194.294      5.566   -123.684     15.063    -57.242
      9.180    235.537   -194.141      4.993   -124.229     15.511    -57.255
      9.190    234.292   -193.984      4.421   -124.776     15.963    -57.267
      9.200    233.041   -193.822      3.848   -125.326     16.419    -57.278
      9.210    231.785   -193.656      3.275   -125.877     16.879    -57.287
      9.220    230.523   -193.485      2.702   -126.431     17.343    -57.295
      9.230    229.256   -193.309      2.129   -126.988     17.811    -57.302
      9.240    227.984   -193.128      1.556   -127.546     18.283    -57.307
      9.250    226.705   -192.943      0.983   -128.107     18.759    -57.311
      9.260    225.422   -192.753      0.410   -128.671     19.240    -57.313
      9.270    224.132   -192.558     -0.163   -129.237     19.725    -57.314
      9.280    222.837   -192.359     -0.736   -129.805     20.214    -57.312
      9.290    221.536   -192.154     -1.309   -130.376     20.708    -57.309
      9.300    220.229   -191.944     -1.882   -130.949     21.207    -57.304
      9.310    218.917   -191.730     -2.455   -131.525     21.710    -57.297
      9.320    217.599   -191.510     -3.028   -132.103     22.218    -57.289
      9.330    216.275   -191.286     -3.601   -132.684     22.730    -57.279
      9.340    214.945   -191.056     -4.174   -133.268     23.247    -57.267
      9.350    213.609   -190.821     -4.746   -133.854     23.770    -57.254
      9.360    212.268   -190.580     -5.319   -134.442     24.297    -57.239
      9.370    210.921   -190.335     -5.891   -135.034     24.829    -57.222
      9.380    209.567   -190.084     -6.463   -135.628     25.366    -57.204
      9.390    208.208   -189.827     -7.035   -136.224     25.909    -57.183
      9.400    206.843   -189.565     -7.607   -136.824     26.457    -57.161
      9.410    205.471   -189.298     -8.178   -137.426     27.010    -57.137
      9.420    204.094   -189.025     -8.750   -138.031     27.569    -57.110
      9.430    202.711   -188.747     -9.321   -138.638     28.133    -57.082
      9.440    201.321   -188.462     -9.891   -139.248     28.703    -57.052
      9.450    199.926   -188.173    -10.462   -139.862     29.278    -57.019
      9.460    198.524   -187.877    -11.032   -140.478     29.860    -56.985
      9.470    197.116   -187.575    -11.601   -141.096     30.447    -56.948
      9.480    195.702   -187.268    -12.171   -141.718     31.040    -56.909
      9.490    194.282   -186.955    -12.740   -142.343     31.639    -56.868
      9.500    192.855   -186.635    -13.308   -142.970     32.245    -56.824
      9.510    191.423   -186.310    -13.876   -143.601     32.857    -56.778
      9.520    189.983   -185.978    -14.444   -144.234     33.475    -56.730
      9.530    188.538   -185.640    -15.011   -144.871     34.100    -56.679
      9.540    187.086   -185.296    -15.577   -145.510     34.732    -56.625
      9.550    185.628   -184.945    -16.143   -146.153     35.370    -56.569
      9.560    184.163   -184.588    -16.708   -146.798     36.015    -56.510
      9.570    182.692   -184.225    -17.273   -147.447     36.667    -56.449
      9.580    181.214   -183.855    -17.837   -148.098     37.326    -56.384
      9.590    179.730   -183.478    -18.401   -148.753     37.993    -56.317
      9.600    178.239   -183.095    -18.964   -149.411     38.666    -56.247
      9.610    176.741   -182.705    -19.526   -150.072     39.347    -56.174
      9.620    175.237   -182.308    -20.087   -150.737     40.036    -56.097
      9.630    173.727   -181.904    -20.648   -151.404     40.733    -56.018
      9.640    172.209   -181.494    -21.208   -152.075     41.437    -55.935
      9.650    170.685   -181.076    -21.766   -152.748     42.150    -55.849
      9.660    169.154   -180.650    -22.324   -153.426     42.871    -55.759
      9.670    167.617   -180.218    -22.882   -154.106     43.600    -55.666
      9.680    166.072   -179.778    -23.438   -154.789     44.337    -55.569
      9.690    164.521   -179.331    -23.993   -155.476     45.083    -55.469
      9.700    162.963   -178.877    -24.547   -156.167     45.838    -55.365
      9.710    161.397   -178.415    -25.100   -156.860     46.602    -55.257
      9.720    159.825   -177.945    -25.652   -157.557     47.375    -55.145
      9.730    158.246   -177.467    -26.203   -158.257     48.157    -55.029
      9.740    156.660   -176.981    -26.753   -158.961     48.949    -54.908
      9.750    155.067   -176.488    -27.301   -159.667     49.751    -54.784
      9.760    153.467   -175.986    -27.848   -160.378     50.562    -54.655
      9.770    151.860   -175.477    -28.394   -161.091     51.383    -54.521
      9.780    150.245   -174.959    -28.939   -161.808     52.215    -54.383
      9.790    148.623   -174.432    -29.482   -162.528     53.057    -54.240
      9.800    146.994   -173.897    -30.024   -163.252     53.910    -54.092
      9.810    145.358   -173.354    -30.564   -163.979     54.773    -53.939
      9.820    143.715   -172.802    -31.102   -164.709     55.648    -53.781
      9.830    142.064   -172.241    -31.639   -165.443     56.534    -53.618
      9.840    140.406   -171.671    -32.175   -166.180     57.431    -53.449
      9.850    138.740   -171.092    -32.708   -166.920     58.340    -53.275
      9.860    137.068   -170.504    -33.240   -167.664     59.261    -53.094
      9.870    135.387   -169.907    -33.770   -168.411     60.194    -52.908
      9.880    133.699   -169.300    -34.298   -169.161     61.140    -52.716
      9.890    132.004   -168.684    -34.825   -169.915     62.099    -52.517
      9.900    130.301   -168.058    -35.349   -170.671     63.070    -52.312
      9.910    128.590   -167.423    -35.871   -171.431     64.055    -52.101
      9.920    126.872   -166.777    -36.391   -172.194     65.053    -51.882
      9.930    125.147   -166.122    -36.908   -172.960     66.065    -51.656
      9.940    123.413   -165.456    -37.424   -173.730     67.091    -51.423
      9.950    121.672   -164.780    -37.937   -174.502     68.132    -51.183
      9.960    119.923   -164.093    -38.447   -175.277     69.187    -50.935
      9.970    118.166   -163.396    -38.955   -176.055     70.257    -50.679
      9.980    116.402   -162.688    -39.461   -176.836     71.343    -50.415
      9.990    114.630   -161.969    -39.964   -177.620     72.445    -50.142
     10.000    112.850   -161.239    -40.464   -178.407     73.562    -49.861
