#         t          m          r          x          y          z         vx         vy         vz
      0.000      1.016      3.935   -476.220    491.440   -412.410     45.330    101.980    142.020
     14.286      0.993      3.890   -475.590    492.880   -410.420     43.580    102.570    142.250
     28.571      1.197      4.390   -474.990    494.360   -408.370     45.460    104.700    144.420
     42.857      1.137      4.400   -474.310    495.870   -406.290     47.630    106.060    146.180
     57.143      1.062      4.404   -473.620    497.400   -404.180     46.890    105.230    146.210
     71.429      1.135      4.400   -472.950    498.950   -402.040     48.240    106.430    147.110
     85.714      0.968      3.816   -472.280    500.500   -399.920     49.760    108.810    148.280
    100.000      0.297      0.871   -471.590    502.090   -397.810     49.630    107.970    148.590
    114.286      1.015      3.707   -470.880    503.610   -395.670     53.850    109.230    150.740
    128.571      0.333      0.928   -470.080    505.200   -393.540     56.780    109.110    149.630
    142.857      0.310      0.925   -469.310    506.760   -391.420     58.540    111.420    150.780
    157.143      0.364      1.098   -468.500    508.390   -389.270     59.940    113.640    152.500
    171.429      0.074      0.259   -467.690    510.030   -387.100     60.910    113.940    153.570
    185.714      0.101      0.309   -466.820    511.690   -384.840     62.620    114.870    154.630
    200.000      0.338      0.987   -465.920    513.370   -382.590     62.730    116.850    157.220
    214.286      0.352      0.951   -465.050    515.030   -380.300     63.150    116.570    159.980
    228.571      0.334      0.896   -464.160    516.700   -377.960     64.300    117.320    162.280
    242.857      0.327      0.976   -463.170    518.380   -375.590     66.170    118.490    163.650
    257.143      0.330      0.973   -462.200    520.050   -373.230     69.980    118.940    165.500
    271.429      0.997      3.749   -461.170    521.720   -370.880     70.500    122.140    169.040
    285.714      0.344      0.975   -460.200    523.510   -368.470     71.810    123.800    170.880
    300.000      0.079      0.265   -459.170    525.330   -365.980     74.170    125.800    175.650
    314.286      0.323      0.968   -458.060    527.140   -363.470     77.020    126.080    176.270
    328.571      0.346      0.991   -456.940    528.950   -360.960     79.370    127.490    177.820
    342.857      0.346      0.985   -455.820    530.810   -358.390     80.850    128.750    181.810
    357.143      0.074      0.274   -454.660    532.670   -355.780     81.390    129.040    183.430
    371.429      0.314      0.974   -453.440    534.520   -353.120     86.470    129.960    184.730
    385.714      0.358      1.024   -452.180    536.370   -350.490     87.500    131.270    187.110
    400.000      1.062      4.043   -450.770    538.180   -347.790     90.240    130.510    187.230
    414.286      1.124      4.206   -449.450    540.070   -345.060     93.900    131.410    189.980
    428.571      1.061      3.930   -448.100    541.960   -342.360     96.310    133.640    191.170
    442.857      1.086      4.329   -446.670    543.840   -339.650     96.740    133.250    192.480
    457.143      1.225      4.290   -445.260    545.740   -336.910    101.550    133.690    194.270
    471.429      0.942      3.972   -443.830    547.630   -334.200    102.740    134.330    196.910
    485.714      1.320      5.010   -442.360    549.550   -331.320    104.350    133.420    199.610
    500.000      1.291      5.091   -440.900    551.430   -328.530    108.410    135.030    202.870
    514.286      0.351      1.050   -439.380    553.330   -325.750    111.240    136.170    205.710
    528.571      0.374      1.127   -437.760    555.280   -322.820    118.410    135.120    205.210
    542.857      0.344      0.928   -436.040    557.200   -319.910    122.770    134.750    207.250
    557.143      0.346      1.032   -434.300    559.160   -316.980    126.540    137.880    210.600
    571.429      0.350      1.048   -432.470    561.120   -313.980    130.050    136.890    210.530
    585.714      0.338      0.978   -430.590    563.080   -310.950    136.210    135.450    212.540
    600.000      0.347      1.037   -428.630    565.040   -307.870    140.400    135.880    215.270
    614.286      0.341      0.970   -426.590    567.010   -304.740    144.320    136.500    218.620
    628.571      0.363      1.028   -424.520    568.940   -301.580    147.660    135.200    221.860
    642.857      0.354      1.009   -422.370    570.870   -298.350    153.810    133.870    222.670
    657.143      0.355      0.990   -420.180    572.830   -295.100    157.350    135.340    226.480
    671.429      0.380      1.058   -417.870    574.760   -291.800    161.020    134.480    230.360
    685.714      1.053      4.116   -415.440    576.630   -288.460    166.450    131.990    232.170
    700.000      1.050      4.131   -412.980    578.500   -285.100    171.840    130.730    234.080
    714.286      1.088      4.486   -410.450    580.340   -281.700    177.900    126.650    235.180
    728.571      0.947      3.713   -407.850    582.150   -278.260    184.770    124.100    238.220
    742.857      1.010      4.022   -405.130    583.860   -274.880    188.410    120.770    239.140
    757.143      0.989      4.034   -402.420    585.560   -271.490    193.600    119.530    241.160
    771.429      1.020      4.017   -399.590    587.230   -268.080    199.380    116.330    240.980
    785.714      1.007      4.091   -396.700    588.860   -264.640    205.430    113.670    242.970
    800.000      1.572      5.957   -393.740    590.510   -261.090    212.690    110.000    243.600
    814.286      1.101      4.048   -390.630    592.010   -257.680    218.850    105.810    244.930
    828.571      1.515      6.018   -387.480    593.520   -254.100    225.840    101.220    246.110
    842.857      1.053      4.279   -384.200    594.920   -250.650    231.100     96.980    246.220
    857.143      1.323      5.184   -380.910    596.260   -247.170    236.440     93.190    247.580
    871.429      1.056      4.220   -377.410    597.570   -243.580    244.450     87.090    247.790
    885.714      1.078      4.241   -373.840    598.800   -239.980    252.250     81.160    249.440
    900.000      1.184      4.620   -370.230    599.890   -236.450    254.570     74.630    249.820
    914.286      1.134      4.476   -366.480    600.870   -232.960    259.530     68.130    247.550
    928.571      1.342      5.321   -362.700    601.800   -229.410    263.460     59.800    245.410
    942.857      1.401      5.546   -358.950    602.620   -225.880    267.220     54.260    244.850
    957.143      1.440      5.624   -355.110    603.370   -222.360    273.000     48.670    244.140
    971.429      0.387      1.137   -351.010    603.990   -218.930    275.730     44.350    241.030
    985.714      1.232      5.406   -347.220    604.600   -215.510    278.390     37.860    238.060
   1000.000      1.658      6.405   -343.300    605.110   -212.110    280.170     32.020    237.290
   1014.290      0.394      1.152   -339.120    605.500   -208.780    281.710     26.280    235.360
   1028.570      1.257      4.792   -335.140    605.840   -205.380    281.670     19.450    232.200
   1042.860      1.174      4.757   -331.150    606.110   -202.040    284.240     13.790    229.050
   1057.140      1.241      4.871   -327.100    606.240   -198.830    285.000      7.470    224.580
   1071.430      1.119      4.626   -323.070    606.340   -195.610    287.860      1.990    220.240
   1085.710      1.522      5.993   -319.060    606.340   -192.510    288.250     -3.400    218.770
   1100.000      1.860      7.729   -314.970    606.220   -189.450    287.880     -9.260    215.040
   1114.290      1.446      5.979   -310.790    606.050   -186.390    286.370    -14.070    210.750
   1128.570      1.597      6.344   -306.760    605.820   -183.410    286.360    -19.050    207.530
   1142.860      1.309      5.197   -302.650    605.520   -180.450    286.570    -25.170    203.890
   1157.140      1.470      5.721   -298.510    605.130   -177.540    285.940    -31.170    199.560
   1171.430      1.664      6.570   -294.450    604.660   -174.700    285.620    -33.960    198.860
   1185.710      1.376      5.932   -290.360    604.130   -171.880    283.720    -40.510    194.020
   1200.000      1.073      4.471   -286.350    603.520   -169.100    283.340    -45.420    189.890
   1214.290      2.213      9.062   -282.300    602.790   -166.470    281.440    -53.330    186.600
   1228.570      1.537      5.898   -278.290    602.010   -163.780    280.320    -56.750    185.550
   1242.860      1.449      5.683   -274.360    601.140   -161.170    279.140    -60.190    181.770
   1257.140      1.642      6.818   -270.330    600.260   -158.590    277.400    -64.000    179.230
   1271.430      1.166      4.620   -266.480    599.300   -156.080    274.070    -66.020    178.770
   1285.710      2.328      9.972   -262.540    598.360   -153.560    271.240    -68.650    175.540
   1300.000      1.262      5.218   -258.710    597.340   -151.080    270.070    -71.770    173.050
   1314.290      1.582      6.190   -254.820    596.300   -148.530    270.150    -76.500    170.620
   1328.570      1.328      5.675   -251.030    595.220   -146.100    267.900    -77.500    169.120
   1342.860      1.969      8.254   -247.190    594.080   -143.790    264.780    -78.790    166.200
   1357.140      1.515      6.275   -243.400    592.970   -141.350    262.720    -81.430    164.150
   1371.430      1.162      4.773   -239.760    591.830   -139.040    262.670    -83.420    163.150
   1385.710      1.599      6.682   -235.860    590.570   -136.740    260.640    -88.120    158.560
   1400.000      1.136      4.944   -232.190    589.330   -134.460    257.870    -91.850    156.240
   1414.290      1.651      7.045   -228.540    587.980   -132.270    255.830    -95.200    153.640
   1428.570      2.759     12.476   -224.840    586.560   -130.160    256.690    -96.410    150.280
   1442.860      1.529      6.293   -221.190    585.220   -128.020    252.170    -98.880    146.570
   1457.140      2.132      8.708   -217.550    583.750   -125.950    248.270   -102.440    144.060
   1471.430      1.242      5.254   -214.020    582.310   -123.850    247.990   -102.610    143.100
   1485.710      1.293      5.289   -210.520    580.810   -121.840    246.340   -106.080    141.460
   1500.000      1.270      5.335   -206.970    579.300   -119.820    244.560   -107.600    139.310
   1514.290      3.217     14.270   -203.520    577.710   -117.910    242.300   -108.980    136.970
   1528.570      1.428      5.977   -200.070    576.170   -115.950    241.090   -111.310    133.990
   1542.860      1.204      5.211   -196.640    574.540   -114.080    238.390   -113.560    132.040
   1557.140      1.126      4.729   -193.260    572.930   -112.210    238.310   -113.430    130.400
   1571.430      1.275      5.299   -189.860    571.290   -110.350    237.020   -115.520    129.870
   1585.710      1.207      4.926   -186.520    569.620   -108.550    235.040   -116.790    128.300
   1600.000      1.326      5.141   -183.210    567.930   -106.780    233.700   -117.010    126.000
   1614.290      1.918      8.464   -179.800    566.240   -104.910    231.960   -118.860    124.250
   1628.570      1.624      6.580   -176.570    564.520   -103.220    228.260   -119.310    122.960
   1642.860      1.242      5.081   -173.300    562.820   -101.420    227.440   -122.790    119.670
   1657.140      1.206      4.730   -170.090    561.060    -99.700    224.650   -122.780    120.010
   1671.430      1.340      5.750   -166.950    559.290    -98.040    222.340   -124.450    118.670
   1685.710      1.069      4.728   -163.710    557.520    -96.320    223.270   -125.260    116.880
   1700.000      1.182      4.749   -160.460    555.660    -94.690    218.700   -129.670    114.030
   1714.290      1.244      4.926   -157.330    553.800    -93.080    217.690   -131.030    112.430
   1728.570      1.120      4.716   -154.250    551.900    -91.540    214.170   -130.690    112.330
   1742.860      3.979     20.221   -151.330    550.050    -89.940    212.590   -133.620    109.460
   1757.140      4.095     20.640   -148.240    548.090    -88.420    211.040   -135.160    108.570
   1771.430      1.229      5.068   -145.140    546.170    -86.880    210.340   -134.570    106.160
   1785.710      1.133      4.735   -142.170    544.240    -85.400    207.540   -135.560    104.800
   1800.000      1.133      4.798   -139.200    542.300    -83.910    206.060   -136.170    102.660
   1814.290      1.312      5.102   -136.260    540.350    -82.470    205.140   -137.920    100.780
   1828.570      1.180      4.897   -133.360    538.380    -81.020    202.540   -138.630    101.000
   1842.860      4.405     23.298   -130.570    536.400    -79.520    200.070   -139.710     98.940
   1857.140      1.233      5.024   -127.680    534.380    -78.190    199.090   -141.780     98.460
   1871.430      1.323      5.362   -124.810    532.330    -76.850    197.550   -142.450     95.600
   1885.710      1.281      5.223   -122.030    530.320    -75.460    197.860   -143.070     94.260
   1900.000      1.233      5.214   -119.220    528.260    -74.110    194.500   -145.050     95.130
   1914.290      1.262      5.309   -116.400    526.170    -72.780    194.440   -146.960     93.260
   1928.570      2.077      9.275   -113.680    524.060    -71.440    190.690   -147.650     90.260
   1942.860      1.165      4.821   -110.930    521.990    -70.110    191.010   -148.290     89.370
   1957.140      2.016      9.210   -108.250    519.840    -68.860    188.670   -150.830     87.930
   1971.430      2.106      9.166   -105.530    517.660    -67.600    187.290   -153.130     85.070
   1985.710      1.180      4.749   -102.950    515.510    -66.330    185.130   -153.820     86.730
   2000.000      1.300      5.333   -100.290    513.290    -65.170    182.510   -155.010     84.070
   2014.290      2.136      9.002    -97.670    511.060    -63.960    181.400   -155.540     84.280
   2028.570      1.343      5.922    -95.160    508.820    -62.770    176.980   -156.690     84.160
   2042.860      1.449      6.033    -92.580    506.580    -61.580    175.820   -158.330     79.780
   2057.140      1.317      5.438    -90.080    504.320    -60.440    173.370   -158.330     79.440
   2071.430      1.207      4.953    -87.640    502.080    -59.300    171.140   -157.580     79.950
   2085.710      1.036      4.503    -85.230    499.850    -58.140    169.490   -157.700     79.290
   2100.000      1.265      5.420    -82.770    497.600    -56.970    169.740   -158.240     75.840
   2114.290      1.121      4.668    -80.460    495.350    -55.930    167.850   -157.680     76.210
   2128.570      1.945      8.192    -78.030    493.010    -54.990    167.430   -158.610     73.700
   2142.860      1.866      8.049    -75.690    490.790    -53.860    168.150   -157.200     73.460
   2157.140      2.157      9.535    -73.250    488.510    -52.870    166.030   -157.420     70.410
   2171.430      1.163      5.041    -70.810    486.300    -51.800    163.190   -160.100     69.100
   2185.710      5.375     36.340    -68.540    483.950    -50.880    160.020   -160.550     68.940
   2200.000      1.054      4.423    -66.290    481.710    -49.900    156.990   -161.100     68.450
   2214.290      1.316      5.482    -63.990    479.380    -48.940    156.660   -161.270     68.140
   2228.570      5.745     38.345    -61.800    477.020    -47.960    154.740   -163.440     67.470
   2242.860      1.223      5.126    -59.590    474.700    -46.930    155.230   -164.610     67.730
   2257.140      1.412      6.209    -57.340    472.360    -45.950    155.050   -165.180     65.690
   2271.430      1.069      4.803    -55.190    469.990    -45.040    153.090   -164.820     65.150
   2285.710      1.190      5.201    -52.980    467.620    -44.130    149.970   -165.400     63.310
   2300.000      1.457      5.962    -50.850    465.260    -43.230    148.950   -165.470     63.800
   2314.290      1.373      5.709    -48.700    462.890    -42.310    150.720   -167.770     59.500
   2328.570      1.274      5.702    -46.580    460.470    -41.520    147.920   -167.900     59.110
   2342.860      1.388      6.013    -44.420    458.050    -40.670    147.410   -169.140     58.040
   2357.140      1.199      4.787    -42.380    455.610    -39.880    144.110   -170.010     58.470
   2371.430      1.560      6.884    -40.260    453.180    -38.980    143.420   -171.300     57.170
   2385.710      1.564      6.901    -38.280    450.730    -38.200    141.250   -171.390     58.640
   2400.000      6.118     47.620    -36.300    448.270    -37.390    138.430   -171.570     58.230
   2414.290      1.233      5.070    -34.270    445.820    -36.550    137.220   -171.040     57.230
   2428.570      1.303      5.371    -32.360    443.390    -35.730    134.610   -170.640     56.200
   2442.860      1.252      5.211    -30.480    440.990    -34.870    133.940   -170.960     57.320
   2457.140      1.169      4.852    -28.560    438.540    -34.080    133.010   -172.070     55.650
   2471.430      1.655      7.306    -26.700    436.080    -33.280    130.150   -172.850     54.500
   2485.710      6.297     53.024    -24.900    433.620    -32.530    128.580   -173.230     54.430
   2500.000      1.437      6.664    -23.060    431.080    -31.830    124.320   -176.330     51.560
   2514.290      1.488      6.617    -21.300    428.590    -31.000    124.290   -176.240     51.060
   2528.570      1.121      5.110    -19.510    426.050    -30.280    122.620   -176.370     50.460
   2542.860      1.157      4.929    -17.800    423.520    -29.530    121.450   -177.380     50.600
   2557.140      1.166      4.976    -16.050    421.000    -28.820    119.130   -178.160     48.830
   2571.430      1.161      4.715    -14.370    418.420    -28.180    116.460   -179.030     47.270
   2585.710      6.685     59.332    -12.710    415.880    -27.560    115.570   -179.840     46.070
   2600.000      1.372      5.945    -11.040    413.310    -26.810    115.210   -181.850     44.780
   2614.290      1.171      4.719     -9.400    410.700    -26.210    112.460   -182.000     45.040
   2628.570      1.205      5.217     -7.830    408.100    -25.550    112.990   -183.920     44.270
   2642.860      1.440      6.533     -6.250    405.460    -24.910    111.430   -185.650     44.290
   2657.140      1.382      5.489     -4.660    402.810    -24.250    110.440   -187.300     42.650
   2671.430      1.172      4.857     -3.110    400.130    -23.680    107.330   -187.130     42.290
   2685.710      1.304      5.633     -1.600    397.430    -23.120    105.250   -187.600     41.110
   2700.000      1.302      5.549     -0.060    394.770    -22.510    105.590   -187.950     38.900
   2714.290      1.381      5.881      1.360    392.090    -22.010    102.790   -186.960     38.350
   2728.570      6.640     65.480      2.850    389.390    -21.540    101.990   -186.570     37.160
   2742.860      1.529      6.606      4.310    386.780    -20.950    101.950   -187.500     36.040
   2757.140      1.395      5.545      5.690    384.100    -20.460     99.000   -187.460     37.140
   2771.430      1.300      5.651      7.190    381.440    -19.940     99.690   -189.200     32.860
   2785.710      6.450     66.848      8.540    378.660    -19.490     97.640   -189.990     33.240
   2800.000      1.381      5.939      9.950    376.000    -19.040     94.690   -191.550     32.880
   2814.290      1.175      5.290     11.320    373.280    -18.470     93.760   -192.780     32.180
   2828.570      1.424      5.766     12.670    370.500    -18.030     91.500   -195.210     31.780
   2842.860      1.329      5.812     13.940    367.690    -17.550     89.390   -195.790     31.410
   2857.140      1.127      4.884     15.210    364.890    -17.080     88.890   -195.970     29.900
   2871.430      1.370      5.786     16.460    362.080    -16.690     84.200   -198.040     28.250
   2885.710      1.781      8.266     17.670    359.270    -16.230     84.080   -199.060     27.730
   2900.000      1.151      4.960     18.710    356.400    -15.850     79.350   -199.130     27.760
   2914.290      1.156      4.777     19.870    353.560    -15.440     78.200   -199.300     25.670
   2928.570      1.210      5.579     21.000    350.720    -15.070     76.870   -200.400     24.600
   2942.860      1.333      5.989     22.070    347.850    -14.740     74.910   -200.950     23.890
   2957.140      6.763     68.665     23.200    344.930    -14.510     73.500   -200.650     22.790
   2971.430      1.119      4.976     24.180    342.140    -14.000     71.880   -201.860     23.010
   2985.710      1.152      4.784     25.220    339.270    -13.640     70.270   -202.480     22.860
   3000.000      1.490      6.071     26.230    336.340    -13.360     68.860   -203.270     21.760
   3014.290      1.458      6.147     27.220    333.410    -13.090     64.230   -203.750     22.660
   3028.570      1.306      5.238     28.080    330.540    -12.660     64.090   -206.440     21.030
   3042.860      6.707     68.639     29.050    327.470    -12.590     61.720   -207.190     20.880
   3057.140      1.210      5.005     29.910    324.640    -12.040     61.450   -208.520     18.660
   3071.430      1.499      6.326     30.760    321.640    -11.780     58.220   -207.920     18.730
   3085.710      1.391      6.251     31.600    318.650    -11.510     56.480   -209.310     19.380
   3100.000      1.298      5.119     32.350    315.650    -11.250     53.620   -210.060     17.910
   3114.290      1.246      4.976     33.130    312.660    -11.010     52.720   -211.450     16.760
   3128.570      1.279      5.271     33.920    309.600    -10.800     50.790   -213.580     15.350
   3142.860      1.262      5.359     34.520    306.550    -10.590     47.630   -213.860     15.540
   3157.140      1.203      5.091     35.200    303.470    -10.420     45.320   -214.260     14.850
   3171.430      1.430      6.043     35.920    300.420    -10.200     43.590   -213.990     11.700
   3185.710      1.237      5.360     36.490    297.350    -10.070     40.900   -215.230     11.780
   3200.000      1.214      5.320     37.030    294.260     -9.960     37.410   -215.430     10.150
   3214.290      1.069      4.878     37.490    291.150     -9.830     36.780   -218.240      8.780
   3228.570      1.759      7.738     38.030    288.030     -9.710     33.180   -219.970      8.600
   3242.860      6.364     66.690     38.420    284.830     -9.720     28.510   -220.710      7.790
   3257.140      1.209      5.211     38.830    281.700     -9.600     25.580   -221.660      4.980
   3271.430      1.438      6.042     39.180    278.510     -9.530     22.750   -222.890      3.920
   3285.710      1.466      6.149     39.500    275.330     -9.480     20.880   -223.210      3.250
   3300.000      6.484     65.667     39.830    272.130     -9.420     18.590   -223.140      4.030
   3314.290      1.252      5.321     39.940    268.980     -9.370     14.240   -223.850      2.630
   3328.570      6.364     65.062     40.240    265.740     -9.330     12.880   -224.830      2.320
   3342.860      1.868      8.177     40.290    262.540     -9.310      8.940   -226.500      0.850
   3357.140      1.111      4.832     40.360    259.280     -9.350      4.840   -228.190     -0.960
   3371.430      1.233      5.182     40.380    256.040     -9.310      2.020   -229.110     -0.940
   3385.710      1.154      4.744     40.410    252.760     -9.320     -2.260   -229.490     -0.770
   3400.000      1.264      5.704     40.390    249.460     -9.370     -5.950   -230.400     -3.780
   3414.290      1.197      4.969     40.240    246.180     -9.390    -10.080   -231.020     -4.990
   3428.570      6.282     62.537     40.200    242.820     -9.530    -13.280   -231.920     -7.110
   3442.860      1.203      5.160     39.840    239.550     -9.610    -17.900   -233.800    -10.080
   3457.140      1.329      5.552     39.560    236.210     -9.730    -20.680   -234.730    -10.790
   3471.430      6.286     61.235     39.360    232.790     -9.980    -25.260   -235.020    -11.650
   3485.710      1.295      5.101     38.880    229.470    -10.050    -27.480   -237.050    -13.580
   3500.000      1.104      4.864     38.430    226.070    -10.270    -32.210   -238.680    -14.070
   3514.290      1.814      7.926     37.910    222.660    -10.530    -35.660   -238.570    -13.910
   3528.570      1.491      6.203     37.400    219.230    -10.680    -39.050   -240.660    -15.640
   3542.860      1.651      6.948     36.860    215.780    -10.910    -43.090   -242.820    -16.770
   3557.140      6.021     58.306     36.360    212.310    -11.200    -49.220   -243.510    -19.390
   3571.430      1.264      4.986     35.500    208.780    -11.490    -54.350   -244.940    -20.520
   3585.710      1.709      7.589     34.690    205.280    -11.770    -59.000   -247.180    -23.880
   3600.000      1.418      6.329     33.820    201.770    -12.090    -64.100   -246.750    -23.990
   3614.290      1.127      4.630     32.950    198.210    -12.430    -68.610   -246.780    -26.720
   3628.570      1.222      4.986     31.910    194.690    -12.840    -75.110   -246.940    -28.430
   3642.860      1.292      5.412     30.870    191.180    -13.290    -79.970   -246.200    -32.180
   3657.140      1.162      4.733     29.690    187.680    -13.760    -87.640   -246.060    -34.730
   3671.430      1.362      6.074     28.360    184.170    -14.280    -94.170   -245.790    -35.090
   3685.710      1.591      6.625     26.950    180.640    -14.820   -100.950   -245.770    -37.430
   3700.000      1.383      6.100     25.510    177.140    -15.410   -106.640   -244.140    -41.970
   3714.290      1.131      4.874     24.000    173.660    -16.030   -113.680   -243.070    -44.040
   3728.570      1.514      6.424     22.300    170.200    -16.700   -121.070   -241.210    -46.550
   3742.860      1.126      4.609     20.500    166.760    -17.380   -128.380   -240.690    -47.630
   3757.140      1.167      4.636     18.670    163.350    -18.100   -137.220   -238.650    -52.300
   3771.430      1.518      6.381     16.580    159.990    -18.850   -143.390   -235.190    -52.900
   3785.710      5.965     47.680     14.480    156.600    -19.650   -152.040   -232.360    -56.770
   3800.000      1.697      7.029     12.280    153.340    -20.470   -157.820   -229.120    -60.830
   3814.290      1.339      5.476      9.980    150.110    -21.330   -166.300   -224.130    -63.920
   3828.570      5.849     45.093      7.520    146.900    -22.300   -172.670   -220.430    -66.720
   3842.860      1.306      5.937      5.060    143.830    -23.210   -179.380   -216.540    -69.340
   3857.140      1.275      5.193      2.470    140.760    -24.240   -188.060   -210.420    -71.710
   3871.430      1.408      6.517     -0.280    137.790    -25.280   -194.300   -205.090    -72.980
   3885.710      1.208      5.076     -3.100    134.890    -26.290   -201.130   -200.550    -74.060
   3900.000      1.432      5.723     -6.000    132.050    -27.360   -206.390   -194.830    -74.900
   3914.290      5.584     39.288     -9.030    129.360    -28.440   -212.670   -186.810    -79.600
   3928.570      1.122      4.918    -12.020    126.700    -29.650   -219.980   -178.970    -81.140
   3942.860      1.455      6.116    -15.180    124.180    -30.850   -224.330   -168.500    -82.120
   3957.140      1.398      5.813    -18.470    121.870    -32.010   -229.610   -158.450    -83.920
   3971.430      1.450      6.321    -21.760    119.640    -33.260   -236.790   -150.380    -84.210
   3985.710      1.365      5.677    -25.200    117.570    -34.500   -241.780   -138.830    -84.720
   4000.000      1.559      6.535    -28.670    115.670    -35.700   -246.170   -128.950    -86.150
   4014.290      1.526      6.134    -32.210    113.890    -36.910   -250.920   -119.360    -85.610
   4028.570      1.613      6.720    -35.890    112.240    -38.160   -254.080   -108.200    -84.020
   4042.860      1.551      6.417    -39.550    110.780    -39.330   -255.090    -95.910    -82.550
   4057.140      1.517      6.551    -43.270    109.450    -40.560   -259.520    -83.910    -81.700
   4071.430      4.685     26.583    -47.000    108.420    -41.570   -260.070    -70.270    -78.510
   4085.710      1.605      6.869    -50.760    107.440    -42.830   -258.170    -56.300    -77.440
   4100.000      1.502      6.432    -54.380    106.730    -43.910   -256.630    -42.960    -77.030
   4114.290      1.683      6.905    -58.070    106.200    -45.000   -254.060    -30.640    -73.700
   4128.570      4.009     21.912    -61.630    105.990    -45.860   -253.570    -15.740    -70.280
   4142.860      1.844      7.692    -65.320    105.740    -46.970   -250.820     -1.980    -66.690
   4157.140      1.542      6.647    -68.890    105.800    -47.870   -246.400     12.060    -62.010
   4171.430      1.678      7.108    -72.290    106.090    -48.710   -239.080     27.130    -59.060
   4185.710      3.806     18.253    -75.700    106.660    -49.490   -235.190     41.740    -55.070
   4200.000      1.932      7.793    -79.010    107.270    -50.280   -227.430     54.630    -51.490
   4214.290      1.776      8.002    -82.230    108.140    -51.000   -219.330     69.450    -47.060
   4228.570      2.241      9.682    -85.180    109.260    -51.610   -209.090     80.810    -44.280
   4242.860      2.188     10.166    -88.120    110.520    -52.250   -201.820     94.230    -40.760
   4257.140      2.003      9.004    -90.960    111.940    -52.760   -191.150    104.400    -36.990
   4271.430      2.273     10.094    -93.610    113.510    -53.250   -179.330    116.410    -31.100
   4285.710      2.395     10.557    -96.030    115.230    -53.700   -166.160    123.710    -29.060
   4300.000      1.735      8.347    -98.400    117.040    -54.070   -153.860    132.570    -22.830
   4314.290      2.328     10.183   -100.420    119.000    -54.390   -141.490    138.400    -21.190
   4328.570      2.212     10.358   -102.360    121.040    -54.610   -128.420    144.930    -16.120
   4342.860      2.256     10.892   -104.030    123.170    -54.810   -115.010    150.150    -13.080
   4357.140      2.444     11.764   -105.590    125.360    -55.000   -104.650    154.610    -10.290
   4371.430      2.483     12.407   -107.090    127.570    -55.140    -92.810    160.570     -4.880
   4385.710      2.629     13.116   -108.270    129.930    -55.120    -79.590    162.510     -2.540
   4400.000      2.579     12.312   -109.420    132.240    -55.120    -68.950    164.930      1.630
   4414.290      3.242     17.433   -110.330    134.620    -55.090    -58.510    167.460      4.490
   4428.570      2.761     14.594   -111.040    137.010    -55.050    -46.870    169.030      6.860
   4442.860      4.480     29.279   -111.590    139.410    -54.960    -36.580    169.100      9.370
   4457.140      2.964     16.427   -112.100    141.860    -54.770    -26.580    169.440     10.620
   4471.430      2.952     16.856   -112.410    144.290    -54.610    -17.410    169.990     14.000
   4485.710      2.728     14.940   -112.480    146.680    -54.420     -7.370    168.120     15.030
   4500.000      4.661     34.532   -112.600    149.110    -54.130      1.300    169.700     16.360
   4514.290      2.980     17.439   -112.550    151.530    -53.950      8.260    168.570     18.670
   4528.570      2.919     16.051   -112.350    153.960    -53.640     18.980    167.520     19.770
   4542.860      3.703     24.093   -112.030    156.360    -53.330     25.500    167.450     21.840
   4557.140      3.026     18.587   -111.630    158.740    -53.000     32.170    166.660     23.900
   4571.430      3.081     19.057   -111.120    161.090    -52.680     39.510    165.450     25.650
   4585.710      2.902     19.109   -110.470    163.440    -52.300     48.090    163.780     27.760
   4600.000      5.062     43.710   -109.740    165.740    -51.910     54.350    162.230     29.150
   4614.290      1.252      5.511   -108.900    168.070    -51.530     60.300    161.500     30.060
   4628.570      3.311     20.564   -108.050    170.400    -51.020     66.290    161.780     29.130
   4642.860      1.151      5.271   -107.060    172.670    -50.710     71.770    160.410     30.740
   4657.140      1.320      5.958   -105.970    174.940    -50.260     77.500    157.720     31.180
   4671.430      1.145      5.044   -104.890    177.190    -49.790     83.540    157.200     34.380
   4685.710      3.136     20.420   -103.590    179.480    -49.210     90.010    155.660     34.530
   4700.000      1.474      6.367   -102.270    181.620    -48.800     95.040    154.620     36.910
   4714.290      1.258      5.659   -100.870    183.850    -48.230    100.630    153.760     39.510
   4728.570      3.148     22.217    -99.330    186.030    -47.610    106.400    151.960     40.350
   4742.860      1.780      8.842    -97.800    188.190    -47.060    111.570    150.090     42.680
   4757.140      3.115     22.243    -96.190    190.340    -46.350    118.530    148.530     44.860
   4771.430      1.371      6.154    -94.510    192.490    -45.710    122.280    148.000     46.700
   4785.710      5.380     60.215    -92.710    194.450    -45.020    125.210    145.920     49.600
   4800.000      1.424      6.377    -90.870    196.650    -44.310    131.790    143.380     51.390
   4814.290      1.606      7.847    -88.990    198.700    -43.520    136.390    142.670     54.280
   4828.570      1.435      6.901    -86.950    200.720    -42.760    140.410    142.350     55.000
   4842.860      1.326      6.562    -84.920    202.750    -41.950    144.930    139.550     56.210
   4857.140      1.440      6.426    -82.770    204.720    -41.130    148.560    137.680     59.530
   4871.430      1.485      7.579    -80.660    206.660    -40.310    150.900    135.590     61.530
   4885.710      1.358      6.539    -78.430    208.600    -39.370    156.380    133.480     63.840
   4900.000      1.586      7.131    -76.160    210.570    -38.330    159.840    131.760     65.740
   4914.290      1.065      4.453    -73.920    212.390    -37.480    162.510    132.400     69.170
   4928.570      1.502      7.582    -71.600    214.310    -36.330    167.310    129.800     71.980
   4942.860      1.623      7.598    -69.180    216.150    -35.360    169.440    128.020     74.440
   4957.140      1.722      8.070    -66.760    217.970    -34.240    174.300    127.180     78.040
   4971.430      5.403     76.109    -64.240    219.480    -33.160    178.550    125.700     80.900
   4985.710      2.362     12.536    -61.700    221.500    -32.060    179.810    123.810     81.460
   5000.000      1.730      8.216    -59.120    223.310    -30.800    183.190    123.040     85.690
   5014.290      1.707      8.558    -56.410    225.120    -29.500    188.060    123.660     89.600
   5028.570      0.559      2.044    -53.850    226.820    -28.250    190.490    123.120     94.240
   5042.860      0.743      3.362    -51.060    228.590    -26.870    195.630    121.390     98.130
   5057.140      1.141      5.216    -48.200    230.340    -25.440    200.140    122.590    102.350
   5071.430      0.578      2.299    -45.360    232.100    -23.940    206.210    120.580    106.480
   5085.710      0.559      2.339    -42.380    233.790    -22.410    208.380    119.970    112.540
   5100.000      0.571      2.267    -39.360    235.470    -20.780    215.100    117.500    119.390
   5114.290      0.618      2.348    -36.260    237.130    -19.020    218.560    116.530    127.730
   5128.570      0.709      3.034    -33.050    238.810    -17.120    227.570    116.640    135.180
   5142.860      2.054     10.098    -29.790    240.450    -15.100    230.550    113.370    144.480
   5157.140      2.007     10.248    -26.400    242.040    -13.010    235.660    110.590    155.010
   5171.430      2.129     10.549    -22.990    243.600    -10.690    238.770    106.740    168.930
   5185.710      0.783      3.264    -19.630    245.050     -8.170    246.460    102.660    181.320
   5200.000      0.705      2.633    -16.060    246.480     -5.500    250.810     96.700    195.970
   5214.290      0.854      3.388    -12.430    247.780     -2.560    255.410     86.430    213.280
   5228.570      0.869      3.417     -8.760    248.900      0.620    256.930     72.300    230.630
   5242.860      1.029      4.252     -5.090    249.830      4.030    254.530     56.380    246.630
   5257.140      2.640     14.340     -1.470    250.480      7.630    250.430     37.320    262.120
   5271.430      2.285     11.515      2.090    250.900     11.450    242.740     16.450    271.200
   5285.710      1.205      4.447      5.480    250.930     15.440    232.280     -6.200    277.150
   5300.000      2.542     13.479      8.740    250.740     19.350    221.960    -25.770    277.860
   5314.290      2.308     12.385     11.780    250.210     23.340    210.260    -42.410    276.720
   5328.570      2.627     12.579     14.700    249.520     27.220    199.650    -56.900    272.060
   5342.860      2.563     12.899     17.450    248.530     31.050    189.200    -70.010    266.820
   5357.140      2.525     14.345     20.120    247.490     34.800    179.680    -81.360    260.140
   5371.430      3.012     19.034     22.650    246.240     38.460    170.630    -90.130    251.580
   5385.710      2.850     16.283     25.070    244.950     42.030    164.090    -97.050    244.670
   5400.000      2.332     12.919     27.250    243.480     45.450    156.140   -103.360    237.740
   5414.290      2.419     13.749     29.410    242.010     48.900    148.770   -107.030    228.910
   5428.570      2.458     13.910     31.450    240.380     52.010    142.110   -112.770    221.160
   5442.860      2.424     14.036     33.460    238.750     55.110    136.480   -116.170    214.390
   5457.140      2.147     12.339     35.340    237.090     58.090    132.400   -120.220    206.690
   5471.430      0.799      3.420     37.100    235.360     60.900    127.120   -123.960    200.170
   5485.710      0.746      3.566     38.870    233.580     63.660    121.970   -127.820    191.850
   5500.000      2.487     17.757     40.720    231.680     66.450    117.770   -131.770    184.220
   5514.290      2.807     20.432     42.410    229.790     69.050    113.350   -134.410    178.300
   5528.570      0.756      3.462     43.850    227.850     71.370    109.200   -138.080    171.520
   5542.860      2.461     18.193     45.460    225.860     74.010    104.520   -138.800    167.110
   5557.140      2.386     18.322     46.920    223.830     76.350    100.160   -142.150    160.550
   5571.430      0.999      4.614     48.170    221.840     78.350     94.280   -142.620    156.860
   5585.710      2.977     30.017     49.860    219.800     80.890     92.520   -143.840    149.410
   5600.000      0.337      0.965     50.750    217.720     82.580     86.220   -144.730    143.100
   5614.290      0.873      3.966     51.970    215.620     84.570     84.680   -147.110    136.940
   5628.570      0.834      3.714     53.140    213.530     86.480     80.900   -148.200    131.980
   5642.860      0.869      3.937     54.260    211.400     88.310     77.540   -149.660    128.600
   5657.140      0.299      0.990     55.330    209.230     90.060     74.720   -151.000    122.520
   5671.430      0.827      3.611     56.420    207.060     91.830     72.450   -154.510    118.310
   5685.710      0.815      3.565     57.420    204.870     93.500     68.970   -154.860    113.140
   5700.000      0.379      1.226     58.340    202.590     95.100     64.590   -156.800    109.990
   5714.290      0.342      1.022     59.280    200.350     96.690     62.870   -158.000    104.560
   5728.570      4.019     65.093     61.000    198.260     98.580     60.090   -159.130     99.540
   5742.860      4.011     62.559     61.840    195.950    100.040     58.050   -160.220     95.610
   5757.140      0.335      0.985     61.770    193.520    100.930     55.120   -161.240     90.540
   5771.430      0.376      1.097     62.530    191.210    102.190     50.750   -161.390     86.280
   5785.710      0.876      3.994     63.290    188.910    103.440     50.520   -162.110     81.850
   5800.000      1.011      5.047     64.000    186.580    104.610     45.530   -164.120     76.460
   5814.290      0.970      4.768     64.640    184.240    105.650     44.080   -162.680     71.320
   5828.570      0.870      4.343     65.280    181.890    106.650     41.500   -164.610     67.370
   5842.860      1.099      5.175     65.920    179.540    107.550     38.580   -166.940     61.720
   5857.140      1.001      4.528     66.430    177.140    108.440     33.820   -167.460     58.110
   5871.430      0.543      1.955     66.880    174.710    109.240     32.440   -168.240     52.540
   5885.710      0.390      1.227     67.320    172.290    109.960     29.350   -168.930     48.810
   5900.000      3.659     65.340     68.310    170.090    110.880     25.980   -168.190     43.160
   5914.290      0.449      1.382     68.070    167.510    111.230     22.800   -167.380     39.690
   5928.570      3.258     54.692     68.700    165.200    111.960     20.190   -167.590     36.580
   5942.860      0.994      4.859     68.690    162.750    112.280     17.700   -167.490     32.140
   5957.140      0.930      4.202     68.950    160.360    112.620     14.960   -167.670     25.670
   5971.430      3.580     66.110     69.640    158.110    113.370     13.180   -167.460     21.620
   5985.710      1.044      5.278     69.350    155.570    113.250      9.710   -169.500     17.560
   6000.000      3.415     69.843     69.910    153.200    113.750      6.920   -168.650     11.760
   6014.290      0.532      1.952     69.600    150.740    113.590      5.770   -167.410      6.360
   6028.570      3.512     72.828     70.280    148.530    114.120      3.330   -166.100      1.930
   6042.860      3.545     74.630     70.170    146.140    114.040      0.760   -166.420     -1.910
   6057.140      3.308     71.299     70.230    143.780    113.980     -3.460   -166.250     -6.120
   6071.430      1.149      5.537     69.680    141.260    113.500     -3.990   -166.220    -11.150
   6085.710      3.176     70.015     69.960    139.020    113.620     -8.160   -165.260    -16.180
   6100.000      3.834     86.235     70.190    136.630    113.580     -9.610   -163.670    -21.830
   6114.290      1.121      5.559     69.320    134.200    112.700    -13.140   -162.400    -26.270
   6128.570      3.025     64.893     69.410    131.980    112.520    -18.050   -161.730    -32.000
   6142.860      1.013      4.637     68.900    129.600    111.830    -18.610   -160.970    -36.440
   6157.140      3.453     77.408     69.030    127.380    111.600    -21.910   -159.820    -43.990
   6171.430      0.378      1.110     68.280    125.080    110.630    -24.780   -158.070    -48.990
   6185.710      0.959      4.488     67.920    122.800    109.850    -28.420   -158.730    -54.400
   6200.000      1.361      7.622     67.510    120.550    109.030    -29.550   -156.600    -60.300
   6214.290      0.418      1.415     67.140    118.320    108.210    -31.990   -155.320    -65.920
   6228.570      0.980      4.939     66.720    116.120    107.180    -34.680   -152.330    -72.620
   6242.860      0.416      1.339     66.240    113.970    106.130    -39.040   -149.790    -76.870
   6257.140      0.395      1.368     65.690    111.880    104.990    -42.300   -148.170    -84.700
   6271.430      0.415      1.369     65.060    109.780    103.720    -45.820   -144.480    -90.100
   6285.710      0.421      1.353     64.380    107.730    102.340    -47.000   -142.260    -98.360
   6300.000      1.296      7.445     63.580    105.640    100.830    -51.090   -140.180   -104.780
   6314.290      0.382      1.361     62.940    103.720     99.330    -53.930   -136.070   -111.680
   6328.570      1.033      5.059     62.130    101.780     97.690    -55.830   -132.030   -117.270
   6342.860      2.103     22.226     61.070     99.890     95.890    -60.170   -128.140   -124.230
   6357.140      1.141      5.743     60.370     98.090     94.110    -63.950   -125.640   -129.630
   6371.430      1.010      4.908     59.500     96.340     92.170    -67.640   -121.490   -138.470
   6385.710      2.054     19.386     58.350     94.570     90.260    -69.410   -117.930   -143.820
   6400.000      0.954      4.370     57.450     92.990     88.110    -71.400   -112.500   -149.570
   6414.290      1.270      7.156     56.450     91.400     85.890    -74.530   -107.950   -157.880
   6428.570      0.978      4.769     55.290     89.920     83.650    -76.690   -102.650   -162.530
   6442.860      0.965      5.027     54.210     88.480     81.260    -79.490    -98.450   -171.170
   6457.140      1.011      5.036     53.020     87.090     78.780    -82.260    -91.970   -175.760
   6471.430      1.067      5.640     51.830     85.830     76.220    -85.340    -84.620   -183.120
   6485.710      1.920     19.589     50.490     84.690     73.590    -85.520    -77.220   -189.010
   6500.000      0.451      1.438     49.380     83.650     70.880    -89.350    -71.800   -197.690
   6514.290      0.390      1.267     48.020     82.700     68.080    -94.310    -62.710   -203.350
   6528.570      0.388      1.244     46.700     81.860     65.140    -96.670    -55.240   -210.730
   6542.860      0.376      1.224     45.320     81.150     62.090    -98.600    -46.110   -217.150
   6557.140      0.388      1.242     43.870     80.570     58.950   -101.560    -35.980   -224.490
   6571.430      0.391      1.264     42.400     80.130     55.730   -102.210    -25.930   -228.470
   6585.710      0.499      1.658     40.950     79.850     52.390   -102.500    -13.600   -234.190
   6600.000      0.438      1.409     39.500     79.710     48.950   -104.080     -5.000   -241.000
   6614.290      0.389      1.259     38.010     79.720     45.490   -106.590      8.360   -244.010
   6628.570      0.420      1.405     36.480     79.910     41.940   -108.320     20.600   -249.580
   6642.860      0.422      1.407     34.930     80.310     38.350   -107.510     34.590   -254.370
   6657.140      0.430      1.403     33.330     80.910     34.690   -109.370     51.230   -255.080
   6671.430      0.421      1.395     31.770     81.780     31.050   -106.430     66.310   -257.530
   6685.710      0.425      1.392     30.210     82.830     27.330   -105.860     81.570   -258.570
   6700.000      1.076      5.069     28.660     84.120     23.670   -103.630     98.210   -256.800
   6714.290      1.073      5.159     27.160     85.640     20.000    -99.800    115.470   -253.700
   6728.570      1.062      5.052     25.800     87.390     16.350    -96.340    130.910   -250.760
   6742.860      1.029      4.895     24.460     89.400     12.810    -92.930    145.900   -246.950
   6757.140      1.022      4.907     23.140     91.590      9.350    -87.670    160.080   -237.670
   6771.430      1.047      5.444     21.930     93.960      6.040    -80.470    173.560   -228.560
   6785.710      1.043      5.413     20.800     96.530      2.820    -75.980    186.310   -217.880
   6800.000      2.053     21.541     19.820     99.270     -0.290    -67.880    195.810   -205.730
   6814.290      1.987     20.221     18.830    102.060     -3.100    -62.040    206.300   -190.750
   6828.570      1.964     20.535     18.020    105.100     -5.780    -55.680    213.510   -179.580
   6842.860      2.029     20.951     17.280    108.180     -8.190    -46.880    219.990   -164.870
   6857.140      1.108      5.776     16.600    111.410    -10.350    -39.600    224.780   -151.780
   6871.430      1.061      5.368     16.090    114.640    -12.420    -32.310    227.070   -139.230
   6885.710      1.100      5.414     15.720    117.910    -14.330    -24.980    230.790   -127.510
   6900.000      1.994     24.470     15.340    121.100    -16.180    -19.070    231.670   -111.320
   6914.290      1.104      5.526     15.160    124.510    -17.580    -14.310    231.160   -102.150
   6928.570      1.901     22.465     15.000    127.730    -19.150     -8.120    231.370    -89.830
   6942.860      2.089     23.708     14.880    131.040    -20.290     -2.050    228.970    -78.150
   6957.140      2.086     22.676     14.840    134.310    -21.380      1.770    226.120    -67.090
   6971.430      1.089      5.387     15.040    137.550    -22.080      8.330    222.460    -57.610
   6985.710      1.968     22.464     15.150    140.660    -22.930     13.570    219.960    -47.160
   7000.000      1.080      6.064     15.510    143.850    -23.440     19.790    216.550    -37.550
   7014.290      1.079      5.766     15.760    146.890    -23.870     25.240    211.730    -27.740
   7028.570      1.049      5.895     16.170    149.870    -24.240     27.730    208.800    -21.280
   7042.860      1.195      6.165     16.610    152.810    -24.530     31.190    203.570    -12.150
   7057.140      1.169      6.420     17.100    155.670    -24.630     36.200    200.480     -3.450
   7071.430      1.127      6.224     17.580    158.500    -24.610     39.350    195.230      4.150
   7085.710      1.070      5.753     18.270    161.240    -24.570     41.900    190.860      8.820
   7100.000      1.141      6.035     18.850    163.920    -24.430     45.970    187.580     15.790
   7114.290      1.069      6.071     19.520    166.570    -24.130     49.820    182.040     22.420
   7128.570      1.164      6.560     20.250    169.120    -23.780     52.470    177.500     31.020
   7142.860      1.131      6.511     21.040    171.630    -23.290     55.180    172.520     36.180
   7157.140      1.164      6.544     21.800    174.020    -22.760     56.930    165.570     41.820
   7171.430      1.135      6.503     22.690    176.370    -22.090     60.940    160.010     46.440
   7185.710      1.060      6.166     23.550    178.620    -21.420     62.970    155.310     51.940
   7200.000      1.033      6.139     24.460    180.740    -20.690     63.010    150.610     57.530
   7214.290      1.212      6.673     25.360    182.920    -19.810     66.210    145.860     62.150
   7228.570      1.181      6.089     26.290    184.970    -18.830     68.170    141.420     69.310
   7242.860      1.225      6.579     27.250    186.930    -17.830     69.210    135.080     75.390
   7257.140      1.109      6.062     28.300    188.850    -16.710     72.840    129.190     76.600
   7271.430      1.182      6.137     29.390    190.640    -15.590     73.080    123.690     81.410
   7285.710      1.140      6.447     30.440    192.390    -14.370     77.240    119.970     85.980
   7300.000      1.140      6.424     31.590    194.060    -13.080     80.960    113.460     89.490
   7314.290      1.055      6.448     32.690    195.650    -11.810     81.720    108.870     93.470
   7328.570      1.168      6.102     33.910    197.160    -10.440     82.220    102.660     96.300
   7342.860      1.190      6.781     35.120    198.570     -9.060     84.120     96.350    100.470
   7357.140      1.087      6.140     36.310    199.920     -7.570     85.840     91.230    104.280
   7371.430      1.059      6.101     37.570    201.190     -6.060     86.940     84.700    107.720
   7385.710      1.156      6.497     38.860    202.310     -4.530     87.900     78.610    110.250
   7400.000      1.141      6.506     40.140    203.440     -2.930     89.970     73.550    112.150
   7414.290      1.097      6.231     41.430    204.420     -1.310     89.960     69.880    118.060
   7428.570      1.149      6.160     42.790    205.430      0.440     93.250     64.460    121.330
   7442.860      1.148      6.331     44.080    206.320      2.240     94.830     58.770    124.400
   7457.140      1.196      6.435     45.480    207.100      3.950     93.990     53.050    126.240
   7471.430      1.017      6.117     46.830    207.830      5.780     95.620     46.540    130.260
   7485.710      1.152      6.410     48.240    208.440      7.700     98.630     39.260    131.390
   7500.000      1.153      6.093     49.630    208.980      9.610     99.230     32.720    134.490
   7514.290      1.061      6.099     51.060    209.380     11.520     99.810     28.630    136.280
   7528.570      1.164      6.744     52.500    209.720     13.470    101.410     20.320    136.670
   7542.860      1.080      6.302     53.930    210.000     15.480    101.710     15.140    141.070
   7557.140      1.174      7.154     55.380    210.140     17.500    101.120      9.260    142.110
   7571.430      1.134      6.105     56.840    210.230     19.540    103.340      2.690    144.630
   7585.710      1.228      7.186     58.290    210.230     21.640    102.980     -3.880    145.140
   7600.000      1.197      6.672     59.790    210.120     23.680    102.120    -10.000    148.520
   7614.290      1.128      6.280     61.300    209.960     25.890    105.000    -15.860    149.660
   7628.570      1.121      5.977     62.750    209.670     28.010    103.050    -22.580    152.010
   7642.860      1.236      7.214     64.210    209.300     30.190    103.230    -29.880    153.580
   7657.140      1.153      6.415     65.660    208.810     32.430    104.720    -36.290    155.780
   7671.430      1.058      5.832     67.140    208.270     34.680    105.640    -43.230    157.020
   7685.710      1.131      6.153     68.580    207.610     36.970    103.640    -49.570    158.930
   7700.000      1.186      6.543     70.110    206.850     39.260    103.130    -58.150    158.650
   7714.290      1.136      5.986     71.550    206.010     41.520    102.660    -64.650    161.590
   7728.570      1.057      5.822     73.010    205.020     43.800    103.000    -71.570    160.630
   7742.860      1.209      7.249     74.460    203.980     46.140    102.400    -76.880    162.120
   7757.140      1.156      6.026     75.950    202.850     48.480    104.250    -84.350    163.250
   7771.430      1.168      6.314     77.420    201.540     50.800    104.870    -92.870    164.980
   7785.710      1.136      5.748     78.930    200.180     53.200    104.930   -101.470    162.890
   7800.000      1.047      5.654     80.470    198.700     55.520    105.040   -108.360    160.750
   7814.290      1.152      7.226     81.880    197.040     57.750    103.780   -116.150    163.320
   7828.570      1.150      6.307     83.350    195.360     60.140    104.150   -123.260    163.270
   7842.860      1.035      5.547     84.870    193.550     62.480    102.560   -132.160    163.510
   7857.140      1.016      5.807     86.310    191.590     64.780    102.300   -140.140    161.730
   7871.430      1.101      5.931     87.850    189.520     67.030    100.850   -149.890    160.130
   7885.710      1.018      5.460     89.300    187.340     69.380    102.390   -158.650    161.470
   7900.000      1.013      5.888     90.780    184.990     71.680    101.060   -167.270    160.310
   7914.290      1.068      5.483     92.180    182.520     73.960     99.010   -175.770    159.550
   7928.570      1.034      5.322     93.590    179.890     76.160     96.010   -186.160    156.800
   7942.860      1.061      5.311     94.960    177.200     78.460     96.090   -195.510    154.550
   7957.140      1.035      5.801     96.300    174.350     80.650     95.430   -202.730    152.810
   7971.430      0.986      5.341     97.650    171.370     82.760     92.800   -213.370    148.110
   7985.710      1.000      5.199     98.960    168.280     84.930     91.940   -221.830    146.920
   8000.000      1.709     23.090    100.260    165.030     86.960     89.770   -231.280    142.980
   8014.290      1.095      5.820    101.540    161.640     88.960     86.220   -243.020    138.870
   8028.570      1.597     20.467    102.780    158.080     90.890     82.160   -254.220    134.570
   8042.860      0.988      4.981    103.910    154.400     92.820     78.820   -264.160    129.090
   8057.140      0.966      4.966    105.010    150.550     94.610     75.660   -275.160    123.660
   8071.430      1.033      5.443    106.060    146.550     96.330     72.860   -283.660    115.400
   8085.710      1.025      5.061    107.060    142.470     97.940     66.860   -292.410    108.110
   8100.000      0.946      4.842    108.010    138.220     99.440     62.750   -302.400     99.820
   8114.290      1.028      4.968    108.850    133.840    100.780     55.620   -309.920     90.650
   8128.570      1.090      5.322    109.610    129.330    101.990     52.130   -319.200     79.800
   8142.860      0.961      5.135    110.330    124.710    103.050     45.610   -328.100     67.990
   8157.140      1.062      5.471    110.940    120.010    103.950     39.830   -333.640     55.360
   8171.430      1.045      5.370    111.420    115.160    104.590     32.720   -342.250     41.170
   8185.710      1.028      5.275    111.880    110.250    105.090     25.680   -345.880     24.790
   8200.000      1.177      6.547    112.160    105.320    105.350     17.580   -349.820     11.680
   8214.290      0.983      5.606    112.360    100.320    105.400     10.080   -353.010     -5.300
   8228.570      1.011      5.244    112.440     95.290    105.220      1.350   -352.410    -21.170
   8242.860      1.022      5.330    112.350     90.220    104.740     -7.550   -350.550    -39.240
   8257.140      1.106      5.953    112.200     85.250    104.040    -15.740   -345.480    -56.640
   8271.430      1.103      5.712    111.930     80.360    103.160    -26.550   -338.760    -72.080
   8285.710      1.075      5.645    111.460     75.550    101.970    -36.090   -327.950    -88.920
   8300.000      1.065      5.683    110.900     70.930    100.550    -44.180   -317.610   -103.600
   8314.290      1.118      5.787    110.240     66.480     99.000    -51.940   -305.740   -118.490
   8328.570      1.076      5.836    109.450     62.240     97.240    -59.100   -292.540   -129.540
   8342.860      1.097      6.273    108.510     58.140     95.310    -66.620   -278.810   -140.650
   8357.140      1.069      5.717    107.520     54.270     93.220    -72.350   -263.540   -149.310
   8371.430      1.153      6.048    106.450     50.620     91.000    -76.170   -248.310   -156.870
   8385.710      1.095      5.992    105.340     47.170     88.710    -81.120   -233.600   -164.960
   8400.000      1.125      6.019    104.160     43.960     86.380    -83.620   -217.220   -168.930
   8414.290      1.135      6.443    103.000     40.970     83.930    -81.890   -202.150   -173.980
   8428.570      1.179      6.179    101.790     38.170     81.370    -84.440   -187.380   -178.410
   8442.860      1.049      5.879    100.520     35.630     78.810    -85.770   -171.710   -181.730
   8457.140      1.114      6.138     99.270     33.310     76.250    -86.880   -156.190   -181.390
   8471.430      1.093      6.151     98.030     31.130     73.620    -85.620   -141.670   -182.610
   8485.710      1.040      6.266     96.820     29.220     70.970    -86.540   -128.410   -184.100
   8500.000      1.629     25.179     95.660     27.480     68.350    -86.700   -115.440   -181.270
   8514.290      1.590     26.356     94.390     25.960     65.730    -86.480   -101.590   -180.190
   8528.570      1.099      6.371     93.170     24.560     63.200    -85.460    -87.800   -178.560
   8542.860      1.034      6.060     91.900     23.380     60.600    -85.860    -74.090   -177.090
   8557.140      1.103      6.630     90.740     22.430     58.110    -84.650    -62.940   -175.280
   8571.430      1.022      6.245     89.530     21.590     55.620    -80.690    -51.920   -172.460
   8585.710      1.072      5.879     88.410     20.940     53.190    -78.260    -43.490   -168.430
   8600.000      1.125      6.382     87.260     20.410     50.800    -76.580    -32.360   -166.270
   8614.290      1.128      6.369     86.200     20.020     48.430    -75.960    -21.940   -160.460
   8628.570      0.977      6.381     85.110     19.760     46.150    -74.310    -12.500   -155.990
   8642.860      1.089      6.387     84.120     19.660     43.930    -74.500     -4.730   -153.280
   8657.140      1.046      6.293     82.960     19.650     41.790    -70.650      6.030   -146.120
   8671.430      1.105      6.340     81.990     19.790     39.740    -67.270     13.520   -142.050
   8685.710      0.446      1.561     80.990     20.040     37.700    -65.260     23.320   -136.530
   8700.000      1.013      6.198     80.160     20.450     35.800    -60.610     28.560   -132.070
   8714.290      1.052      5.910     79.270     20.870     33.940    -57.380     37.470   -126.280
   8728.570      1.125      6.346     78.480     21.490     32.220    -54.330     46.270   -120.450
   8742.860      1.021      6.180     77.710     22.190     30.530    -51.400     51.170   -113.640
   8757.140      1.142      6.183     76.980     22.980     28.980    -47.510     57.790   -107.210
   8771.430      0.997      6.136     76.320     23.860     27.500    -43.050     63.430   -102.590
   8785.710      0.430      1.569     75.720     24.800     26.080    -40.820     70.340    -96.870
   8800.000      1.049      5.896     75.180     25.830     24.710    -35.070     75.880    -91.240
   8814.290      1.123      6.679     74.760     26.930     23.410    -32.180     80.220    -85.800
   8828.570      1.023      6.286     74.340     28.150     22.240    -28.740     86.370    -79.550
   8842.860      1.007      6.304     73.950     29.410     21.200    -25.350     90.270    -72.830
   8857.140      1.069      6.345     73.560     30.740     20.200    -23.130     95.220    -65.140
   8871.430      0.449      1.573     73.280     32.090     19.320    -19.260     98.810    -57.600
   8885.710      1.012      6.253     73.020     33.580     18.580    -13.300    103.910    -50.990
   8900.000      1.050      6.179     72.930     35.120     17.900    -10.320    108.520    -44.480
   8914.290      0.410      1.474     72.760     36.680     17.270     -5.720    112.130    -38.210
   8928.570      1.063      6.295     72.750     38.320     16.800     -1.150    116.070    -29.990
   8942.860      0.975      6.150     72.750     39.980     16.400      2.240    119.820    -25.520
   8957.140      1.063      6.061     72.830     41.710     16.110      4.250    122.740    -17.260
   8971.430      1.098      6.047     72.860     43.510     15.860      7.860    126.000    -10.010
   8985.710      1.020      6.127     73.010     45.320     15.740     10.920    128.220     -3.530
   9000.000      1.102      6.264     73.180     47.170     15.730     16.790    131.780      3.560
   9014.290      1.071      5.675     73.450     49.090     15.870     22.170    133.520     11.700
   9028.570      1.050      6.612     73.780     50.970     16.020     24.380    136.190     16.920
   9042.860      1.054      6.115     74.180     52.950     16.400     28.240    137.620     25.490
   9057.140      0.956      5.731     74.610     54.900     16.750     32.580    139.240     33.190
   9071.430      1.047      6.159     75.130     56.930     17.270     37.540    140.550     40.930
   9085.710      0.947      5.649     75.670     58.960     17.900     41.380    144.020     46.910
   9100.000      1.015      6.147     76.310     61.000     18.650     47.320    145.310     59.050
   9114.290      1.050      6.173     77.050     63.070     19.580     52.460    144.930     67.270
   9128.570      1.010      5.587     77.800     65.110     20.570     56.890    144.880     75.640
   9142.860      1.012      6.154     78.630     67.180     21.680     61.270    143.800     83.840
   9157.140      1.027      5.860     79.550     69.250     22.970     65.700    144.210     91.210
   9171.430      0.952      5.551     80.530     71.290     24.340     70.320    143.630    101.290
   9185.710      0.989      5.749     81.520     73.350     25.850     75.220    144.720    110.030
   9200.000      1.047      6.128     82.630     75.350     27.490     80.390    142.090    119.750
   9214.290      0.439      1.537     83.790     77.370     29.290     85.330    140.510    127.820
   9228.570      1.064      6.599     85.090     79.380     31.160     93.030    137.940    137.000
   9242.860      1.001      5.426     86.460     81.330     33.230     99.740    136.610    147.460
   9257.140      0.413      1.521     87.870     83.230     35.370    103.030    134.290    156.330
   9271.430      0.480      1.520     89.370     85.140     37.690    109.660    131.110    165.920
   9285.710      0.951      5.970     91.020     87.010     40.110    116.260    128.080    175.520
   9300.000      0.979      5.706     92.740     88.830     42.710    122.600    122.680    186.960
   9314.290      0.993      6.096     94.600     90.560     45.500    129.860    117.970    196.450
   9328.570      1.094      5.849     96.530     92.180     48.350    137.870    110.240    208.890
   9342.860      1.042      5.795     98.540     93.730     51.410    143.890    104.910    220.420
   9357.140      0.453      1.675    100.630     95.160     54.610    149.480     97.490    229.620
   9371.430      0.930      5.276    102.850     96.510     57.920    155.450     88.100    239.880
   9385.710      1.041      6.206    105.140     97.650     61.450    163.600     77.950    249.540
   9400.000      0.988      5.456    107.490     98.700     65.060    168.950     67.620    259.330
   9414.290      1.010      5.642    109.970     99.570     68.890    176.710     53.570    272.100
   9428.570      1.059      6.045    112.550    100.220     72.820    179.840     37.900    281.280
   9442.860      3.973    102.779    116.590     98.170     78.870    188.230     23.820    289.120
   9457.140      1.030      6.334    117.930    100.840     81.080    194.370      6.080    296.290
   9471.430      1.329     22.276    120.810    100.800     85.340    199.530    -11.920    302.150
   9485.710      0.995      5.773    123.650    100.480     89.700    204.470    -32.910    307.500
   9500.000      1.057      6.220    126.630     99.850     94.140    208.750    -55.670    310.120
   9514.290      0.457      1.580    129.630     98.870     98.560    211.500    -78.570    311.350
   9528.570      1.073      6.107    132.700     97.600    103.010    214.560   -102.280    307.990
   9542.860      1.028      5.922    135.730     95.930    107.370    214.770   -126.280    304.330
   9557.140      1.045      5.887    138.810     93.950    111.690    211.050   -150.590    297.710
   9571.430      1.158      6.875    141.770     91.620    115.840    204.910   -173.210    287.180
   9585.710      1.038      6.784    144.720     89.020    119.890    201.120   -193.250    274.280
   9600.000      1.086      6.283    147.510     86.100    123.690    195.260   -212.960    259.970
   9614.290      1.106      6.812    150.210     82.950    127.270    186.020   -227.480    242.290
   9628.570      1.110      6.906    152.850     79.610    130.650    177.500   -236.930    224.460
   9642.860      1.023      6.297    155.280     76.140    133.660    166.220   -245.890    206.270
   9657.140      1.117      7.099    157.590     72.610    136.500    156.850   -251.000    188.890
   9671.430      1.091      7.339    159.780     69.000    139.100    147.670   -255.530    173.360
   9685.710      1.101      7.115    161.810     65.290    141.420    139.700   -258.970    156.840
   9700.000      1.126      7.044    163.750     61.600    143.590    127.750   -260.320    141.170
   9714.290      1.050      7.335    165.490     57.860    145.490    119.560   -259.320    125.370
   9728.570      1.035      7.286    167.100     54.190    147.160    107.750   -257.590    111.140
   9742.860      1.008      7.358    168.560     50.550    148.670     99.690   -254.420     97.740
   9757.140      1.073      8.201    169.940     46.900    149.950     91.340   -250.270     83.270
   9771.430      0.520      1.886    171.140     43.350    150.990     83.420   -246.370     71.030
   9785.710      1.059      7.762    172.300     39.870    151.950     75.860   -242.260     59.910
   9800.000      0.994      6.614    173.300     36.440    152.740     68.700   -237.590     51.070
   9814.290      0.461      1.854    174.270     33.100    153.400     62.770   -231.070     39.630
   9828.570      0.988      6.394    175.120     29.850    153.890     55.180   -226.120     29.800
   9842.860      1.088      7.258    175.860     26.690    154.250     48.720   -217.910     21.450
   9857.140      0.484      1.988    176.620     23.670    154.510     44.240   -211.870     11.670
   9871.430      0.962      6.494    177.120     20.670    154.660     37.170   -205.800      4.110
   9885.710      1.023      7.531    177.610     17.810    154.600     30.830   -198.050     -4.580
   9900.000      0.539      2.150    178.040     15.020    154.490     25.450   -192.190    -12.550
   9914.290      0.519      1.869    178.390     12.310    154.270     19.590   -185.500    -18.660
   9928.570      1.024      7.823    178.620      9.740    153.940     14.090   -178.980    -25.460
   9942.860      0.450      1.756    178.850      7.220    153.540      9.970   -170.670    -35.250
   9957.140      0.508      2.033    178.950      4.850    153.010      5.450   -163.390    -39.230
   9971.430      0.986      7.662    179.010      2.550    152.340      0.770   -155.770    -45.870
   9985.710      1.102      7.773    179.020      0.410    151.690     -5.350   -147.650    -52.340
  10000.000      0.466      1.747    178.950     -1.630    150.940     -7.680   -141.010    -58.210
  10014.300      0.570      2.203    178.790     -3.590    150.100    -11.910   -132.090    -62.210
  10028.600      0.556      2.204    178.610     -5.390    149.170    -15.410   -124.500    -68.540
  10042.900      0.520      1.929    178.370     -7.100    148.130    -20.190   -114.940    -75.360
  10057.100      1.038      7.821    178.020     -8.670    147.060    -23.610   -108.460    -81.390
  10071.400      0.543      1.985    177.700    -10.170    145.800    -30.150    -99.490    -84.800
  10085.700      0.548      2.018    177.200    -11.510    144.580    -34.410    -90.270    -86.400
  10100.000      0.547      1.996    176.660    -12.720    143.340    -37.090    -80.420    -89.940
  10114.300      1.032      6.811    176.150    -13.830    141.970    -41.360    -72.240    -96.140
  10128.600      0.567      2.055    175.490    -14.780    140.640    -43.390    -62.340   -100.390
  10142.900      1.045      7.656    174.820    -15.610    139.150    -47.350    -54.120   -103.660
  10157.100      1.002      7.828    174.160    -16.320    137.640    -51.440    -44.700   -108.950
  10171.400      1.029      7.822    173.420    -16.880    136.060    -55.610    -34.630   -110.150
  10185.700      1.079      7.756    172.590    -17.320    134.460    -57.190    -25.780   -113.540
  10200.000      1.009      7.606    171.750    -17.570    132.830    -59.540    -14.020   -116.150
  10214.300      1.002      6.914    170.910    -17.680    131.170    -62.370     -1.900   -119.520
  10228.600      1.007      8.023    169.980    -17.650    129.460    -65.540      7.580   -120.610
  10242.900      1.017      7.883    169.020    -17.460    127.730    -67.750     18.570   -123.270
  10257.100      0.991      6.926    168.040    -17.130    125.950    -71.570     29.030   -123.800
  10271.400      0.978      6.652    166.980    -16.610    124.190    -73.490     39.930   -123.740
  10285.700      1.323     31.288    165.890    -15.830    122.450    -74.710     53.800   -123.990
  10300.000      1.377     32.179    164.820    -14.920    120.580    -78.910     66.290   -124.770
  10314.300      0.960      6.262    163.690    -14.050    118.840    -82.390     79.790   -126.010
  10328.600      1.006      6.968    162.470    -12.800    117.090    -82.560     92.440   -123.850
  10342.900      1.009      7.525    161.310    -11.400    115.320    -82.850    106.780   -125.130
  10357.100      1.022      6.463    160.110     -9.750    113.520    -85.400    119.270   -124.260
  10371.400      1.033      8.641    158.910     -7.960    111.750    -84.050    135.080   -121.320
  10385.700      0.941      6.374    157.700     -5.930    110.020    -85.430    149.120   -117.330
  10400.000      0.957      6.655    156.510     -3.650    108.400    -85.650    164.170   -115.940
  10414.300      1.016      7.116    155.240     -1.200    106.810    -84.770    181.170   -109.130
  10428.600      0.995      6.965    154.070      1.480    105.240    -83.160    195.100   -103.630
  10442.900      1.037      7.164    152.920      4.390    103.840    -80.380    210.670    -95.810
  10457.100      4.035    111.571    153.270     12.470    106.060    -76.700    226.460    -86.950
  10471.400      1.034      7.369    150.690     10.820    101.420    -73.280    241.920    -76.150
  10485.700      1.034      7.009    149.660     14.450    100.380    -68.710    259.010    -64.870
  10500.000      0.999      6.703    148.780     18.230     99.550    -60.350    274.350    -50.730
  10514.300      0.990      7.323    147.970     22.310     98.980    -51.250    287.500    -35.050
  10528.600      0.973      7.410    147.340     26.520     98.640    -40.280    299.990    -17.830
  10542.900      1.031      6.880    146.820     30.880     98.480    -29.320    311.870      0.930
  10557.100      1.033      6.723    146.510     35.370     98.640    -16.510    316.260     19.930
  10571.400      1.012      8.069    146.400     39.960     99.140     -1.810    317.700     42.990
  10585.700      4.112    110.952    149.180     46.140    104.560     14.550    314.320     64.990
  10600.000      0.979      6.884    146.790     48.910    100.910     27.690    309.610     84.900
  10614.300      2.888     83.720    149.630     54.030    106.030     41.690    301.380    104.040
  10628.600      0.944      5.396    147.960     57.510    103.860     54.680    288.670    120.670
  10642.900      0.950      5.660    148.830     61.550    105.680     67.460    274.290    135.340
  10657.100      1.041      7.828    149.860     65.390    107.730     79.780    260.060    148.830
  10671.400      0.937      6.955    151.060     68.970    109.940     90.360    240.720    158.900
  10685.700      0.963      5.456    152.400     72.290    112.250     97.220    226.250    168.440
  10700.000      0.945      6.724    153.890     75.380    114.700    104.420    207.760    174.540
  10714.300      0.991      6.684    155.400     78.250    117.260    112.270    192.660    180.020
  10728.600      0.914      5.573    157.080     80.860    119.840    118.850    176.310    185.420
  10742.900      0.961      6.504    158.830     83.290    122.500    127.540    158.730    187.210
  10757.100      0.942      6.147    160.660     85.400    125.230    128.450    142.800    190.860
  10771.400      1.181     24.460    162.580     87.290    128.050    133.680    125.690    192.670
  10785.700      0.899      5.422    164.450     89.050    130.730    135.370    108.490    192.790
  10800.000      0.896      4.970    166.380     90.460    133.430    137.950     94.800    192.690
  10814.300      0.857      5.359    168.390     91.690    136.160    139.110     79.240    192.420
  10828.600      0.873      6.009    170.330     92.740    138.940    140.160     65.640    190.620
  10842.900      0.943      5.899    172.350     93.580    141.660    141.390     51.380    190.680
  10857.100      0.860      5.083    174.390     94.230    144.300    141.750     36.830    186.160
  10871.400      0.883      5.699    176.420     94.670    146.930    142.940     24.820    183.660
  10885.700      0.881      4.781    178.480     94.990    149.530    143.980     11.840    180.410
  10900.000      0.919      5.972    180.490     95.050    152.090    143.860      1.200    176.440
  10914.300      0.933      6.371    182.520     95.000    154.610    140.930    -11.340    173.350
  10928.600      0.874      5.364    184.520     94.740    157.050    137.510    -22.460    169.990
  10942.900      0.987      5.862    186.520     94.320    159.410    136.030    -36.370    165.190
  10957.100      0.830      4.537    188.460     93.730    161.750    136.870    -46.900    160.880
  10971.400      0.396      1.458    190.350     93.000    164.050    135.970    -58.700    155.880
  10985.700      0.867      5.549    192.280     92.070    166.230    133.810    -69.080    150.740
  11000.000      0.935      5.971    194.160     91.000    168.340    131.820    -78.580    144.640
  11014.300      0.813      4.983    196.030     89.820    170.350    128.560    -89.810    140.490
  11028.600      0.392      1.336    197.830     88.470    172.300    125.360   -101.100    131.300
  11042.900      0.427      1.603    199.610     86.990    174.140    123.060   -109.820    127.310
  11057.100      0.448      1.608    201.330     85.370    175.920    119.180   -117.110    119.740
  11071.400      0.516      1.978    203.000     83.670    177.590    117.560   -124.560    113.740
  11085.700      0.836      4.941    204.680     81.820    179.170    112.580   -133.820    105.160
  11100.000      0.480      1.733    206.250     79.840    180.590    108.770   -142.280     99.400
  11114.300      0.795      4.984    207.780     77.740    181.940    104.520   -151.090     91.420
  11128.600      0.382      1.399    209.240     75.530    183.220    100.750   -159.290     84.800
  11142.900      0.842      4.971    210.650     73.210    184.360     96.540   -166.380     78.060
  11157.100      0.420      1.678    211.960     70.780    185.390     89.310   -173.120     69.160
  11171.400      0.920      6.525    213.190     68.260    186.340     84.650   -179.970     60.640
  11185.700      0.819      5.755    214.360     65.640    187.120     79.450   -186.870     49.320
  11200.000      0.919      5.398    215.440     62.910    187.770     70.570   -192.450     41.660
  11214.300      0.415      1.567    216.410     60.110    188.290     66.270   -198.590     34.010
  11228.600      0.450      1.643    217.310     57.250    188.720     59.830   -203.500     24.610
  11242.900      0.464      1.651    218.110     54.300    189.000     51.450   -209.180     15.670
  11257.100      0.423      1.501    218.780     51.310    189.160     46.250   -212.210      4.450
  11271.400      0.499      2.056    219.410     48.230    189.120     38.000   -218.900     -6.730
  11285.700      0.424      1.658    219.900     45.090    188.990     31.220   -222.500    -14.520
  11300.000      0.456      1.662    220.290     41.910    188.690     24.110   -226.640    -29.780
  11314.300      0.438      1.449    220.550     38.630    188.170     14.720   -229.250    -41.110
  11328.600      0.455      1.789    220.720     35.350    187.510      5.450   -230.540    -53.470
  11342.900      0.390      1.346    220.790     32.020    186.640     -2.690   -233.380    -65.180
  11357.100      0.517      2.081    220.670     28.680    185.630    -12.080   -234.280    -77.900
  11371.400      0.445      1.519    220.430     25.300    184.390    -22.010   -233.600    -92.070
  11385.700      0.332      1.198    220.000     21.980    182.970    -35.440   -232.060   -105.100
  11400.000      0.480      1.681    219.410     18.660    181.380    -45.870   -230.040   -118.940
  11414.300      0.356      1.282    218.660     15.410    179.600    -58.760   -224.920   -131.430
  11428.600      0.399      1.293    217.780     12.260    177.610    -69.440   -219.000   -146.540
  11442.900      0.414      1.517    217.760     12.270    177.610    -70.000   -219.530   -147.350
