#         t          m          r          x          y          z         vx         vy         vz
      0.000      0.526      0.595   -377.180    611.080   -284.520     71.590    -73.360     52.610
     14.286      4.471      3.003   -376.130    610.110   -283.910     73.170    -73.650     51.240
     28.571      4.629      3.095   -374.970    609.050   -283.280     72.470    -76.000     55.240
     42.857      4.324      2.906   -373.880    608.010   -282.620     72.980    -75.980     54.970
     57.143      4.067      2.774   -372.740    606.950   -281.980     75.200    -77.530     55.380
     71.429      4.485      3.002   -371.610    605.820   -281.240     74.250    -78.450     56.260
     85.714      0.524      0.599   -370.520    604.720   -280.510     73.800    -79.240     56.700
    100.000      0.346      0.499   -369.560    603.620   -279.670     71.070    -77.870     55.850
    114.286      0.306      0.495   -368.510    602.540   -278.970     72.570    -78.030     54.420
    128.571      0.464      0.600   -367.370    601.430   -278.260     72.360    -77.490     53.480
    142.857      0.454      0.599   -366.280    600.320   -277.540     72.910    -77.610     54.140
    157.143      0.387      0.556   -365.150    599.230   -276.830     74.360    -79.050     56.410
    171.429      0.492      0.613   -364.040    598.100   -276.070     73.130    -78.690     55.690
    185.714      0.524      0.592   -362.950    596.990   -275.330     71.670    -80.220     58.230
    200.000      0.491      0.558   -361.940    595.920   -274.570     73.090    -79.460     56.870
    214.286      0.392      0.523   -360.960    594.850   -273.800     71.050    -78.650     55.520
    228.571      0.490      0.567   -359.970    593.810   -273.110     73.390    -78.490     53.070
    242.857      0.479      0.557   -359.010    592.780   -272.440     73.280    -79.670     52.860
    257.143      0.382      0.506   -357.960    591.700   -271.770     72.900    -79.230     51.810
    271.429      0.458      0.557   -356.910    590.640   -271.130     72.880    -80.000     52.780
    285.714      0.465      0.549   -355.890    589.550   -270.470     71.360    -81.620     52.530
    300.000      0.505      0.566   -354.870    588.410   -269.770     71.740    -83.250     54.240
    314.286      0.440      0.518   -353.900    587.250   -269.000     69.150    -79.620     51.480
    328.571      0.516      0.584   -352.860    586.150   -268.350     71.730    -81.380     52.180
    342.857      0.446      0.538   -351.870    585.030   -267.630     70.360    -82.340     53.130
    357.143      0.532      0.605   -350.920    583.910   -266.950     71.280    -83.460     50.100
    371.429      4.001      2.592   -350.010    582.800   -266.270     69.740    -82.720     50.820
    385.714     16.546     14.391   -349.010    581.720   -265.700     70.890    -82.790     50.450
    400.000     17.346     14.894   -348.080    580.570   -264.990     69.090    -83.250     50.230
    414.286     15.856     13.648   -347.200    579.430   -264.240     67.270    -81.080     47.880
    428.571      4.494      3.015   -346.220    578.300   -263.610     68.720    -81.530     45.180
    442.857      4.511      3.041   -345.320    577.160   -262.980     69.030    -82.650     44.400
    457.143      3.695      2.434   -344.380    576.020   -262.370     67.650    -82.460     44.810
    471.429      4.005      2.537   -343.470    574.880   -261.780     69.350    -82.470     42.610
    485.714      4.230      2.733   -342.560    573.720   -261.130     70.280    -82.830     43.890
    500.000      4.217      2.759   -341.610    572.560   -260.480     68.340    -82.380     42.160
    514.286      0.497      0.580   -340.660    571.380   -259.840     69.110    -83.260     44.220
    528.571      0.522      0.588   -339.690    570.170   -259.160     69.040    -83.410     44.020
    542.857      4.193      2.718   -338.780    569.000   -258.500     68.340    -83.050     42.550
    557.143      4.516      2.984   -337.870    567.840   -257.900     69.410    -82.980     41.640
    571.429      0.565      0.611   -336.950    566.680   -257.230     67.660    -81.950     41.690
    585.714      0.499      0.577   -335.980    565.520   -256.640     69.070    -83.160     41.720
    600.000      0.897      0.812   -334.980    564.310   -256.070     68.920    -83.930     43.120
    614.286      0.451      0.539   -334.040    563.110   -255.400     67.510    -83.880     43.880
    628.571      0.414      0.512   -333.080    561.900   -254.730     66.460    -83.990     43.590
    642.857      4.211      2.756   -332.160    560.690   -254.080     66.710    -84.710     43.280
    657.143      4.270      2.780   -331.290    559.470   -253.420     63.820    -83.330     42.460
    671.429      4.395      2.799   -330.450    558.280   -252.760     63.950    -82.560     40.720
    685.714      4.122      2.645   -329.580    557.080   -252.090     63.320    -82.340     41.660
    700.000      3.899      2.566   -328.770    555.900   -251.430     61.660    -83.050     42.560
    714.286      4.499      3.025   -327.940    554.710   -250.760     59.580    -82.880     42.510
    728.571      0.459      0.542   -327.150    553.530   -250.120     57.980    -82.660     43.220
    742.857      4.577      2.967   -326.420    552.350   -249.420     57.710    -81.210     41.360
    757.143      4.370      2.791   -325.600    551.170   -248.800     56.430    -81.820     42.190
    771.429      4.133      2.663   -324.850    550.020   -248.170     56.040    -80.290     40.370
    785.714      0.518      0.597   -324.100    548.830   -247.500     53.940    -80.620     42.440
    800.000      3.669      2.366   -323.360    547.670   -246.860     51.770    -79.560     41.110
    814.286      0.523      0.593   -322.660    546.510   -246.230     49.150    -78.070     40.730
    828.571      0.498      0.583   -321.930    545.390   -245.640     48.640    -77.070     41.540
    842.857      0.399      0.512   -321.230    544.290   -245.050     48.020    -75.030     38.680
    857.143      0.491      0.587   -320.550    543.170   -244.420     47.280    -75.780     40.480
    871.429      0.534      0.591   -319.870    542.080   -243.830     45.860    -71.930     38.990
    885.714      4.288      2.768   -319.250    541.010   -243.190     45.300    -72.260     38.550
    900.000      4.267      2.811   -318.630    539.960   -242.590     47.320    -71.880     37.610
    914.286      4.406      2.751   -317.960    538.870   -241.960     46.110    -72.150     38.230
    928.571      4.300      2.818   -317.350    537.830   -241.340     45.130    -70.560     37.350
    942.857      4.441      2.885   -316.730    536.800   -240.730     45.850    -69.350     38.480
    957.143      4.381      2.852   -316.120    535.810   -240.140     46.010    -68.780     38.220
    971.429      4.540      2.970   -315.480    534.770   -239.520     45.320    -70.000     40.430
    985.714      4.258      2.740   -314.850    533.730   -238.850     45.410    -67.240     40.200
   1000.000      4.056      2.587   -314.160    532.740   -238.230     45.570    -68.470     41.780
   1014.290      5.623      3.822   -313.470    531.730   -237.610     43.200    -66.330     41.970
   1028.570      4.730      3.076   -312.930    530.760   -236.910     42.400    -66.230     41.390
   1042.860      0.384      0.537   -312.300    529.740   -236.190     41.400    -65.390     44.390
   1057.140      0.456      0.566   -311.680    528.770   -235.490     40.850    -65.330     46.600
   1071.430      0.825      0.765   -311.140    527.920   -234.890     42.320    -63.290     45.680
   1085.710      0.612      0.645   -310.470    526.950   -234.180     43.470    -62.020     44.110
   1100.000      0.433      0.535   -309.780    526.030   -233.520     43.930    -63.320     47.900
   1114.290      0.500      0.585   -309.100    525.110   -232.820     46.400    -63.200     48.140
   1128.570      0.667      0.680   -308.400    524.160   -232.120     45.790    -62.570     48.620
   1142.860      0.496      0.575   -307.760    523.190   -231.340     45.240    -61.070     47.260
   1157.140      4.586      3.029   -307.050    522.230   -230.620     43.280    -61.760     49.130
   1171.430      4.802      3.123   -306.380    521.300   -229.890     46.550    -62.770     50.960
   1185.710      4.714      3.081   -305.710    520.350   -229.090     45.730    -62.430     51.660
   1200.000      5.220      3.414   -305.080    519.500   -228.370     47.040    -62.670     53.020
   1214.290      4.215      2.676   -304.390    518.590   -227.540     47.310    -61.080     52.660
   1228.570      4.276      2.726   -303.690    517.680   -226.760     47.330    -61.000     54.390
   1242.860     17.323     14.898   -302.830    516.660   -225.970     46.120    -62.740     55.710
   1257.140     15.423     13.096   -302.150    515.780   -225.180     46.580    -62.200     55.930
   1271.430     18.409     15.959   -301.470    514.850   -224.350     44.880    -60.780     56.230
   1285.710     19.538     16.831   -300.760    513.990   -223.570     46.490    -59.900     57.580
   1300.000     19.656     17.006   -300.110    513.140   -222.750     46.860    -59.310     54.990
   1314.290     16.786     14.610   -299.390    512.240   -221.920     49.560    -59.620     55.780
   1328.570     18.751     15.904   -298.570    511.350   -221.120     48.350    -58.690     57.790
   1342.860     19.772     17.077   -297.890    510.520   -220.300     51.030    -58.220     57.520
   1357.140     16.470     14.121   -297.140    509.620   -219.410     51.140    -59.760     58.560
   1371.430     18.478     15.747   -296.330    508.740   -218.590     50.970    -61.690     60.030
   1385.710     15.474     13.408   -295.660    507.860   -217.700     51.230    -61.240     59.850
   1400.000      4.898      3.279   -294.950    507.000   -216.760     54.330    -61.930     60.020
   1414.290      4.528      2.844   -294.130    506.080   -215.880     52.190    -61.950     61.950
   1428.570      5.160      3.381   -293.330    505.150   -214.990     52.560    -60.870     61.930
   1442.860      4.108      2.632   -292.510    504.230   -214.070     53.810    -61.560     62.810
   1457.140      4.063      2.619   -291.680    503.300   -213.150     54.940    -61.980     63.820
   1471.430      4.760      3.136   -290.850    502.390   -212.240     55.450    -62.040     63.730
   1485.710      5.703      3.840   -290.020    501.480   -211.320     55.160    -59.640     61.460
   1500.000      5.152      3.453   -289.130    500.590   -210.450     56.790    -61.410     62.560
   1514.290      4.619      2.993   -288.270    499.650   -209.540     55.950    -61.280     62.480
   1528.570      0.762      0.716   -287.390    498.740   -208.640     56.010    -61.550     63.990
   1542.860      0.578      0.639   -286.550    497.840   -207.740     57.350    -60.450     63.650
   1557.140      0.631      0.668   -285.720    496.960   -206.780     58.910    -61.390     62.460
   1571.430      0.503      0.594   -284.890    496.040   -205.840     57.820    -62.050     63.330
   1585.710      0.503      0.587   -284.040    495.150   -204.930     59.710    -61.070     63.660
   1600.000      0.588      0.633   -283.240    494.300   -204.060     58.960    -61.260     61.860
   1614.290      5.198      3.456   -282.350    493.420   -203.170     59.450    -62.960     64.700
   1628.570      4.560      2.937   -281.470    492.530   -202.290     60.310    -62.600     63.900
   1642.860     17.740     15.643   -280.420    491.620   -201.500     62.490    -64.150     65.500
   1657.140     16.862     14.745   -279.540    490.710   -200.570     63.270    -63.930     65.230
   1671.430     19.471     16.684   -278.510    489.770   -199.700     66.100    -64.450     64.600
   1685.710     20.205     17.557   -277.550    488.830   -198.760     65.700    -66.730     66.220
   1700.000     17.145     14.568   -276.630    487.950   -197.890     67.000    -66.100     64.920
   1714.290     16.963     15.060   -275.640    486.980   -196.980     69.690    -68.000     66.760
   1728.570     17.794     15.432   -274.620    485.990   -195.980     69.600    -66.730     65.950
   1742.860     19.432     16.939   -273.520    485.000   -195.050     71.190    -68.110     68.060
   1757.140     18.572     16.450   -272.540    484.030   -194.070     71.250    -69.070     67.050
   1771.430      6.488      4.604   -271.420    482.990   -193.100     73.000    -70.550     69.110
   1785.710      4.916      3.397   -270.370    482.040   -192.150     73.550    -69.500     68.920
   1800.000      4.895      3.225   -269.280    481.090   -191.240     75.590    -71.020     69.360
   1814.290      4.453      2.896   -268.220    480.050   -190.210     74.510    -70.900     69.560
   1828.570      5.007      3.244   -267.150    479.050   -189.230     74.520    -70.190     70.990
   1842.860      4.175      2.638   -266.070    478.090   -188.250     75.400    -71.580     70.240
   1857.140      0.645      0.690   -264.960    477.100   -187.310     76.400    -72.760     71.000
   1871.430      5.314      3.579   -263.900    476.090   -186.310     77.630    -71.630     72.270
   1885.710      4.329      2.757   -262.760    475.090   -185.300     77.720    -72.350     73.320
   1900.000      4.476      2.879   -261.610    474.100   -184.330     78.280    -73.390     73.680
   1914.290      4.495      2.874   -260.460    473.040   -183.270     76.620    -72.760     74.100
   1928.570      4.410      2.718   -259.380    472.050   -182.280     78.110    -72.750     73.550
   1942.860      4.351      2.793   -258.230    470.990   -181.290     79.380    -74.650     73.310
   1957.140      4.512      2.904   -257.110    469.930   -180.240     77.250    -73.500     74.310
   1971.430      1.241      0.969   -256.010    468.890   -179.190     78.160    -76.350     74.740
   1985.710      4.708      3.081   -254.890    467.840   -178.220     79.130    -75.510     72.890
   2000.000      4.934      3.228   -253.770    466.790   -177.230     78.510    -74.530     73.830
   2014.290      5.047      3.360   -252.680    465.760   -176.200     78.790    -75.260     73.450
   2028.570      4.818      3.076   -251.520    464.670   -175.200     79.890    -77.450     73.880
   2042.860      4.494      2.854   -250.410    463.590   -174.190     80.150    -77.470     73.040
   2057.140      4.394      2.823   -249.250    462.490   -173.180     80.700    -78.620     74.650
   2071.430      0.531      0.615   -248.080    461.390   -172.110     81.070    -79.160     74.760
   2085.710      0.446      0.571   -246.940    460.280   -171.080     82.690    -79.190     74.190
   2100.000      0.624      0.681   -245.750    459.150   -170.020     83.310    -81.140     75.140
   2114.290      0.611      0.669   -244.610    457.980   -168.920     81.690    -80.470     74.910
   2128.570      0.563      0.635   -243.440    456.890   -167.880     83.470    -80.310     75.020
   2142.860      4.720      3.067   -242.260    455.790   -166.870     83.160    -81.980     76.930
   2157.140      4.493      2.862   -241.110    454.660   -165.810     83.530    -81.150     77.270
   2171.430      4.530      2.881   -239.940    453.550   -164.790     85.140    -81.900     75.910
   2185.710      4.204      2.716   -238.770    452.430   -163.770     85.840    -81.820     75.090
   2200.000      4.188      2.710   -237.530    451.250   -162.750     85.630    -82.590     75.730
   2214.290      4.645      2.891   -236.330    450.150   -161.760     85.920    -82.560     74.000
   2228.570      5.048      3.282   -235.120    448.990   -160.720     86.270    -81.430     73.520
   2242.860      5.217      3.366   -233.860    447.860   -159.700     87.910    -82.810     74.200
   2257.140     17.399     14.966   -232.630    446.660   -158.660     89.060    -83.430     74.230
   2271.430     14.579     13.159   -231.390    445.550   -157.640     90.460    -82.980     72.360
   2285.710     14.527     12.657   -230.180    444.370   -156.590     90.120    -83.960     71.480
   2300.000     17.976     15.457   -228.900    443.120   -155.480     89.290    -84.970     73.340
   2314.290      4.551      2.961   -227.560    442.010   -154.570     92.780    -85.340     71.420
   2328.570      5.060      3.294   -226.250    440.800   -153.540     94.270    -86.920     72.640
   2342.860      4.352      2.834   -224.940    439.590   -152.530     95.240    -87.710     73.770
   2357.140      4.904      3.171   -223.630    438.330   -151.480     94.290    -89.220     72.200
   2371.430      4.497      2.894   -222.310    437.060   -150.460     93.610    -90.520     74.000
   2385.710      4.515      2.932   -221.030    435.780   -149.390     92.490    -90.940     73.820
   2400.000      4.243      2.654   -219.760    434.450   -148.320     91.560    -92.580     74.620
   2414.290      4.411      2.826   -218.530    433.140   -147.220     89.610    -92.220     73.620
   2428.570      4.544      2.903   -217.310    431.840   -146.180     91.350    -92.950     71.850
   2442.860      4.598      2.972   -216.080    430.550   -145.120     90.140    -92.180     71.860
   2457.140      4.653      2.994   -214.840    429.250   -144.060     88.570    -93.060     73.710
   2471.430      4.929      3.179   -213.570    427.940   -143.050     89.490    -94.010     73.690
   2485.710      4.638      2.986   -212.300    426.600   -141.990     92.140    -94.830     72.760
   2500.000      4.469      2.858   -211.060    425.300   -140.950     93.150    -95.730     73.160
   2514.290      4.512      2.927   -209.800    423.940   -139.870     91.660    -95.080     72.840
   2528.570      4.571      2.937   -208.500    422.580   -138.820     93.270    -95.930     73.060
   2542.860      4.540      2.920   -207.210    421.200   -137.720     92.030    -96.070     75.370
   2557.140      4.514      2.844   -205.910    419.910   -136.720     95.470    -97.840     73.980
   2571.430      4.526      2.960   -204.620    418.500   -135.610     94.760    -97.210     73.430
   2585.710      0.554      0.612   -203.360    417.140   -134.570     93.740    -98.770     73.110
   2600.000      1.295      1.038   -201.990    415.780   -133.580     93.610    -98.870     74.210
   2614.290      0.479      0.595   -200.730    414.380   -132.470     94.270    -98.550     73.080
   2628.570      0.560      0.623   -199.410    413.000   -131.420     94.050    -97.600     73.000
   2642.860      0.475      0.591   -198.090    411.610   -130.380     94.030    -97.710     73.020
   2657.140      0.421      0.559   -196.710    410.200   -129.310     95.200    -99.460     74.470
   2671.430      0.539      0.634   -195.370    408.770   -128.230     95.160    -99.260     74.900
   2685.710      4.618      3.000   -194.000    407.320   -127.100     94.360    -98.220     73.800
   2700.000      4.734      2.995   -192.660    405.930   -126.030     95.820    -99.210     74.200
   2714.290      4.778      2.982   -191.340    404.490   -124.940     94.940    -99.760     72.720
   2728.570      4.378      2.771   -190.010    403.030   -123.830     95.650   -100.770     73.210
   2742.860      4.874      3.094   -188.640    401.570   -122.720     97.280   -101.680     75.080
   2757.140      4.964      3.189   -187.330    400.130   -121.580     95.670   -100.420     75.190
   2771.430      4.691      2.997   -186.020    398.700   -120.460     96.660   -101.640     75.110
   2785.710      4.285      2.705   -184.640    397.220   -119.340     95.250   -102.270     76.270
   2800.000      4.601      2.966   -183.300    395.770   -118.250     96.350   -102.880     76.930
   2814.290      4.548      2.898   -182.030    394.320   -117.120     96.940   -102.250     75.960
   2828.570      5.193      3.400   -180.690    392.870   -116.010     97.540   -103.130     74.800
   2842.860      4.941      3.175   -179.330    391.360   -114.850     95.480   -104.300     77.590
   2857.140      4.266      2.734   -178.040    389.880   -113.710     97.460   -103.930     76.150
   2871.430      1.250      0.998   -176.690    388.370   -112.550     95.830   -103.490     76.760
   2885.710      0.684      0.688   -175.370    386.900   -111.420     96.630   -105.490     76.490
   2900.000      0.510      0.607   -174.040    385.350   -110.240     97.600   -104.520     76.040
   2914.290      0.537      0.622   -172.680    383.900   -109.210     97.480   -105.170     75.300
   2928.570      0.480      0.601   -171.330    382.390   -108.070     97.280   -105.030     74.940
   2942.860      0.539      0.617   -169.990    380.880   -106.960     98.450   -105.870     75.840
   2957.140      0.537      0.647   -168.570    379.330   -105.860     99.350   -107.660     76.110
   2971.430      0.500      0.605   -167.210    377.810   -104.700     97.760   -107.970     75.340
   2985.710      0.489      0.615   -165.790    376.200   -103.580     97.420   -109.780     77.570
   3000.000      0.458      0.599   -164.420    374.590   -102.430     98.120   -110.390     77.180
   3014.290      0.598      0.682   -163.050    372.970   -101.260     98.010   -110.850     78.350
   3028.570      1.105      0.946   -161.670    371.370   -100.120     99.130   -112.880     77.360
   3042.860      1.145      0.940   -160.270    369.750    -98.950     98.730   -111.500     77.610
   3057.140      0.514      0.623   -158.830    368.100    -97.720    101.490   -113.050     78.880
   3071.430      0.614      0.663   -157.380    366.440    -96.530     99.390   -111.770     80.170
   3085.710      0.697      0.711   -155.900    364.780    -95.360    101.910   -113.530     80.710
   3100.000      0.661      0.701   -154.430    363.100    -94.140    104.060   -114.220     80.170
   3114.290      0.594      0.667   -152.960    361.440    -92.950    103.320   -114.590     80.260
   3128.570      3.944      2.483   -151.480    359.770    -91.740    105.010   -116.750     79.330
   3142.860      0.572      0.665   -150.030    358.030    -90.470    102.720   -117.560     80.490
   3157.140      4.529      2.942   -148.590    356.320    -89.280    104.230   -118.480     80.700
   3171.430      0.419      0.576   -147.090    354.590    -88.040    105.220   -119.700     81.790
   3185.710      0.526      0.622   -145.710    352.890    -86.830    103.710   -118.680     79.290
   3200.000      0.599      0.665   -144.250    351.140    -85.590    103.340   -120.470     80.970
   3214.290      0.534      0.635   -142.790    349.430    -84.410    104.700   -120.330     79.820
   3228.570      0.726      0.720   -141.330    347.690    -83.250    104.710   -121.930     81.920
   3242.860      0.396      0.554   -139.860    345.900    -81.990    104.580   -123.150     82.340
   3257.140      0.633      0.691   -138.320    344.110    -80.830    104.950   -125.110     83.780
   3271.430      0.456      0.576   -136.820    342.270    -79.540    106.610   -125.890     84.030
   3285.710      0.501      0.611   -135.270    340.430    -78.300    108.850   -128.750     84.240
   3300.000      0.659      0.727   -133.680    338.510    -77.050    109.000   -131.260     86.790
   3314.290      0.447      0.582   -132.150    336.570    -75.720    108.680   -131.920     87.370
   3328.570      0.388      0.552   -130.620    334.650    -74.380    109.150   -131.470     85.300
   3342.860      0.856      0.791   -129.050    332.670    -73.080    110.970   -132.600     85.950
   3357.140      0.424      0.570   -127.470    330.710    -71.770    111.910   -134.340     86.690
   3371.430      4.483      2.833   -125.900    328.790    -70.490    113.270   -135.830     85.540
   3385.710      0.466      0.587   -124.300    326.790    -69.170    113.120   -136.780     85.540
   3400.000      0.500      0.593   -122.680    324.800    -67.930    115.010   -137.700     84.200
   3414.290      0.501      0.613   -121.000    322.760    -66.670    114.860   -141.460     86.110
   3428.570      0.637      0.704   -119.330    320.700    -65.460    114.780   -143.860     85.560
   3442.860      0.579      0.666   -117.640    318.590    -64.180    116.550   -146.040     86.440
   3457.140      4.802      3.076   -115.950    316.440    -62.930    118.010   -148.770     86.420
   3471.430      4.687      2.997   -114.290    314.260    -61.640    117.920   -150.350     86.490
   3485.710      4.620      2.956   -112.540    312.020    -60.400    117.160   -154.790     87.700
   3500.000      4.738      3.077   -110.860    309.780    -59.120    119.410   -157.570     86.220
   3514.290      4.942      3.160   -109.180    307.480    -57.870    117.130   -161.010     87.280
   3528.570      4.936      3.092   -107.480    305.100    -56.570    117.220   -162.820     88.060
   3542.860      5.432      3.561   -105.760    302.710    -55.300    117.780   -166.120     90.430
   3557.140      4.779      3.061   -104.010    300.300    -54.020    118.570   -167.050     88.450
   3571.430     19.184     16.468   -102.290    297.850    -52.740    116.160   -168.790     89.540
   3585.710     15.982     14.038   -100.560    295.370    -51.440    117.130   -171.890     89.570
   3600.000     18.084     15.536    -98.830    292.900    -50.170    117.750   -174.310     88.970
   3614.290     18.280     15.723    -97.090    290.380    -48.980    117.210   -177.040     87.610
   3628.570     18.484     16.350    -95.390    287.810    -47.700    120.370   -179.060     86.600
   3642.860     19.156     16.395    -93.680    285.240    -46.470    121.120   -181.660     86.170
   3657.140      0.607      0.678    -91.760    282.440    -45.070    120.150   -184.920     85.750
   3671.430      0.590      0.658    -90.010    279.740    -43.870    121.110   -187.700     84.060
   3685.710      0.608      0.670    -88.250    277.020    -42.680    120.690   -190.950     82.600
   3700.000      0.427      0.582    -86.450    274.220    -41.470    122.090   -195.910     82.700
   3714.290      5.096      3.198    -84.690    271.420    -40.330    121.500   -198.820     81.750
   3728.570      0.563      0.653    -82.930    268.530    -39.220    123.150   -203.680     79.450
   3742.860      4.555      2.886    -81.090    265.550    -38.090    122.790   -208.680     79.520
   3757.140     18.911     16.357    -79.280    262.600    -37.160    122.160   -214.520     77.630
   3771.430     21.340     18.104    -77.450    259.550    -36.210    123.470   -220.760     72.730
   3785.710     15.751     13.748    -75.630    256.270    -35.070    123.510   -227.380     71.160
   3800.000      4.615      2.954    -73.890    252.940    -34.000    122.190   -230.940     69.590
   3814.290      4.980      3.128    -72.100    249.600    -33.070    123.540   -238.620     65.820
   3828.570      4.917      3.221    -70.270    246.140    -32.200    124.070   -246.010     64.180
   3842.860      4.023      2.537    -68.430    242.600    -31.400    124.540   -251.600     58.960
   3857.140      4.823      3.031    -66.670    238.990    -30.640    121.270   -259.160     52.980
   3871.430      4.890      3.122    -64.870    235.230    -29.980    121.140   -269.050     47.650
   3885.710      4.637      2.890    -63.110    231.330    -29.400    116.180   -277.080     40.970
   3900.000      3.959      2.475    -61.400    227.320    -28.920    111.680   -286.160     34.980
   3914.290      3.827      2.443    -59.780    223.170    -28.530    103.640   -294.680     26.180
   3928.570      5.028      3.151    -58.330    218.950    -28.320     95.640   -299.940     13.910
   3942.860      3.882      2.472    -56.980    214.670    -28.320     87.640   -303.730     -1.460
   3957.140      3.663      2.272    -55.800    210.330    -28.470     75.540   -304.470    -15.140
   3971.430      4.593      2.869    -54.840    206.030    -28.820     63.900   -302.210    -29.660
   3985.710     17.368     14.139    -54.060    201.880    -29.320     53.400   -295.590    -42.730
   4000.000     18.393     14.236    -53.390    197.780    -30.010     44.150   -286.630    -52.510
   4014.290     14.833     12.016    -52.780    193.820    -30.940     36.480   -279.190    -59.090
   4028.570     13.490     11.038    -52.360    190.000    -31.890     29.200   -267.980    -64.740
   4042.860      0.248      0.460    -52.050    186.450    -33.030     23.860   -255.250    -66.440
   4057.140      0.602      0.676    -51.790    183.030    -34.080     20.900   -244.150    -68.710
   4071.430      0.258      0.467    -51.560    179.710    -35.090     18.180   -232.690    -68.640
   4085.710      0.494      0.608    -51.360    176.570    -36.090     16.970   -219.940    -67.810
   4100.000      3.439      2.115    -51.160    173.590    -37.100     17.260   -212.470    -65.560
   4114.290      3.630      2.244    -51.020    170.710    -38.060     16.920   -201.590    -65.120
   4128.570      4.001      2.522    -50.870    167.920    -38.950     18.280   -193.880    -62.810
   4142.860      4.010      2.482    -50.690    165.240    -39.820     20.440   -186.200    -59.120
   4157.140      3.685      2.267    -50.490    162.670    -40.620     21.200   -178.610    -56.670
   4171.430      0.196      0.439    -50.270    160.220    -41.410     22.030   -173.970    -51.680
   4185.710      0.532      0.639    -50.080    157.870    -42.150     23.300   -167.850    -49.010
   4200.000      0.291      0.479    -49.810    155.540    -42.850     22.920   -164.170    -45.630
   4214.290      0.426      0.585    -49.540    153.310    -43.540     26.210   -159.580    -41.700
   4228.570      0.465      0.597    -49.310    151.110    -44.090     24.970   -153.300    -37.340
   4242.860      0.479      0.604    -48.940    148.970    -44.640     26.840   -149.080    -33.440
   4257.140      0.393      0.554    -48.650    146.840    -45.120     25.200   -144.570    -32.550
   4271.430      0.487      0.607    -48.330    144.810    -45.540     27.020   -141.450    -28.990
   4285.710      0.394      0.573    -48.030    142.820    -45.920     27.200   -136.010    -25.600
   4300.000      0.605      0.695    -47.720    140.870    -46.190     24.290   -133.030    -23.280
   4314.290      0.400      0.588    -47.480    139.010    -46.450     25.380   -127.760    -22.450
   4328.570      0.529      0.654    -47.220    137.220    -46.720     26.430   -124.450    -18.340
   4342.860      0.586      0.674    -46.990    135.530    -46.880     26.020   -120.300    -16.230
   4357.140      0.573      0.675    -46.760    133.840    -47.070     25.540   -115.110    -14.640
   4371.430      0.799      0.782    -46.530    132.260    -47.260     25.410   -111.980    -14.630
   4385.710      0.765      0.767    -46.270    130.740    -47.500     23.100   -109.260    -11.740
   4400.000      0.941      0.872    -46.060    129.230    -47.630     23.710   -106.540    -10.180
   4414.290      0.693      0.718    -45.800    127.740    -47.790     24.300   -102.940     -8.880
   4428.570      0.737      0.757    -45.560    126.300    -47.870     22.260    -99.820     -4.520
   4442.860      0.839      0.814    -45.390    124.910    -47.940     22.000    -95.290     -5.420
   4457.140      0.892      0.826    -45.150    123.570    -48.010     22.840    -93.510     -4.770
   4471.430      0.963      0.876    -44.910    122.280    -48.070     22.590    -89.630     -3.130
   4485.710      0.884      0.857    -44.700    121.060    -48.090     23.760    -85.470     -2.350
   4500.000      0.910      0.842    -44.410    119.820    -48.090     23.270    -83.010      0.330
   4514.290      0.980      0.894    -44.210    118.640    -48.090     21.780    -80.750     -1.260
   4528.570      1.257      1.036    -43.990    117.470    -48.050     19.320    -77.420      0.900
   4542.860      1.016      0.913    -43.790    116.450    -48.110     21.420    -74.730     -0.090
   4557.140      1.156      0.979    -43.530    115.370    -48.090     20.160    -71.470      2.390
   4571.430      1.220      1.008    -43.310    114.360    -48.050     19.200    -67.450      4.600
   4585.710      1.216      1.004    -43.080    113.460    -48.020     19.170    -64.460      4.490
   4600.000      1.081      0.947    -42.840    112.550    -47.970     19.320    -61.540      5.190
   4614.290      1.166      0.966    -42.660    111.650    -47.860     17.960    -58.140      4.960
   4628.570      1.168      0.965    -42.350    110.770    -47.750     19.940    -58.530      9.070
   4642.860      1.271      1.043    -42.120    109.950    -47.590     18.320    -54.730      7.920
   4657.140      1.373      1.074    -41.920    109.130    -47.410     17.800    -51.870      9.230
   4671.430      1.541      1.175    -41.740    108.370    -47.200     17.280    -49.750      8.730
   4685.710      1.248      1.046    -41.580    107.610    -46.990     16.390    -48.320     10.480
   4700.000      1.173      0.990    -41.430    106.930    -46.780     17.810    -46.540     11.100
   4714.290      1.391      1.097    -41.240    106.260    -46.540     18.080    -43.140     11.730
   4728.570      1.460      1.098    -41.090    105.660    -46.320     17.470    -40.240     11.990
   4742.860      1.599      1.199    -40.920    105.080    -46.110     17.790    -37.430     11.210
   4757.140      1.401      1.107    -40.750    104.540    -45.890     16.180    -36.480     11.830
   4771.430      1.916      1.341    -40.550    104.050    -45.730     16.740    -33.590     12.050
   4785.710      1.563      1.171    -40.340    103.610    -45.590     15.610    -32.220     12.930
   4800.000      1.552      1.169    -40.180    103.140    -45.380     17.780    -28.760     11.280
   4814.290      2.056      1.413    -39.970    102.670    -45.170     17.710    -28.040     13.110
   4828.570      1.689      1.216    -39.760    102.270    -44.970     17.640    -24.890     13.940
   4842.860      1.442      1.118    -39.520    101.880    -44.730     17.600    -22.510     14.440
   4857.140      1.546      1.154    -39.360    101.520    -44.480     18.670    -21.130     14.340
   4871.430      1.793      1.287    -39.120    101.160    -44.220     18.260    -18.050     15.160
   4885.710      1.705      1.255    -38.910    100.880    -43.980     19.660    -15.820     14.650
   4900.000      1.891      1.321    -38.690    100.600    -43.730     17.900    -13.900     13.250
   4914.290      2.016      1.411    -38.430    100.350    -43.470     17.400    -11.760     15.790
   4928.570      1.484      1.146    -38.230    100.190    -43.240     18.440    -10.430     15.650
   4942.860      2.380      1.622    -37.970     99.970    -42.920     18.920     -9.610     15.600
   4957.140      1.589      1.208    -37.720     99.840    -42.660     18.870     -7.040     16.840
   4971.430      1.875      1.318    -37.480     99.730    -42.380     19.070     -5.810     17.010
   4985.710      1.824      1.294    -37.220     99.660    -42.080     18.910     -3.680     20.120
   5000.000      7.893      5.864    -36.960     99.600    -41.760     19.790     -2.390     19.670
   5014.290      2.659      1.736    -36.670     99.540    -41.420     19.700     -0.430     21.180
   5028.570      8.885      6.924    -36.360     99.560    -41.130     19.890      0.440     20.870
   5042.860      9.705      7.797    -36.080     99.530    -40.760     20.300      2.990     22.760
   5057.140      2.807      1.803    -35.770     99.500    -40.400     19.360      4.030     22.990
   5071.430      8.476      6.514    -35.570     99.620    -40.040     20.930      6.370     22.270
   5085.710      9.990      8.637    -35.240     99.680    -39.690     20.740      9.560     22.920
   5100.000      8.429      6.811    -34.970     99.810    -39.330     23.060      9.330     23.800
   5114.290      8.574      6.727    -34.630     99.950    -39.000     23.210     11.950     24.330
   5128.570      9.827      7.938    -34.270    100.110    -38.650     23.320     13.410     26.480
   5142.860      8.989      7.020    -33.940    100.290    -38.280     23.660     14.980     26.120
   5157.140     10.383      8.761    -33.500    100.430    -37.860     24.930     15.580     29.250
   5171.430      8.905      6.818    -33.140    100.720    -37.550     26.290     17.850     27.640
   5185.710      2.282      1.518    -32.760    100.900    -37.090     25.180     18.330     29.550
   5200.000     11.725     10.076    -32.270    101.080    -36.610     25.940     19.250     30.650
   5214.290     11.762     10.216    -31.850    101.330    -36.160     26.340     20.760     32.490
   5228.570      2.564      1.688    -31.510    101.580    -35.680     24.570     21.890     35.140
   5242.860      2.219      1.473    -31.090    101.880    -35.180     26.300     24.020     35.230
   5257.140      3.067      1.941    -30.660    102.190    -34.630     25.880     26.810     35.480
   5271.430      2.531      1.676    -30.200    102.550    -34.120     25.890     26.930     37.110
   5285.710      3.122      1.992    -29.760    102.920    -33.570     25.770     29.160     37.120
   5300.000      2.574      1.664    -29.390    103.380    -33.060     28.200     32.000     37.160
   5314.290      2.417      1.632    -28.870    103.820    -32.520     28.230     33.640     39.650
   5328.570      2.113      1.472    -28.430    104.340    -32.000     29.350     34.610     39.380
   5342.860      3.342      2.092    -27.900    104.790    -31.390     30.210     36.510     41.190
   5357.140      2.925      1.887    -27.460    105.360    -30.830     29.270     37.910     41.490
   5371.430      2.384      1.565    -27.000    105.950    -30.310     31.200     41.460     41.070
   5385.710      2.668      1.741    -26.540    106.550    -29.740     32.430     43.200     41.780
   5400.000      2.413      1.619    -26.070    107.160    -29.090     32.330     45.330     43.250
   5414.290      2.735      1.746    -25.570    107.820    -28.520     33.900     45.170     45.770
   5428.570      2.510      1.645    -25.160    108.500    -27.890     33.940     48.680     45.370
   5442.860      3.583      2.267    -24.580    109.200    -27.320     34.810     47.630     46.840
   5457.140      2.394      1.619    -24.090    109.940    -26.730     35.340     49.700     49.600
   5471.430      2.792      1.786    -23.580    110.680    -26.130     35.700     52.240     48.550
   5485.710      2.497      1.632    -23.040    111.510    -25.570     39.730     54.970     48.800
   5500.000      2.397      1.580    -22.420    112.300    -24.930     38.300     55.450     52.120
   5514.290     12.983     11.437    -21.770    113.100    -24.170     38.010     59.330     53.210
   5528.570      2.658      1.707    -21.170    114.030    -23.530     41.160     61.840     55.150
   5542.860     11.416      9.908    -20.570    114.920    -22.740     42.760     64.100     56.890
   5557.140      3.358      2.154    -19.840    115.860    -21.980     43.080     65.620     59.590
   5571.430      2.701      1.723    -19.220    116.880    -21.210     45.400     68.660     60.280
   5585.710     52.327     67.916    -19.070    117.930    -19.940     44.290     73.940     60.540
   5600.000      2.877      1.836    -17.920    118.940    -19.430     45.780     76.550     62.530
   5614.290      2.497      1.649    -17.260    120.100    -18.520     46.770     77.670     66.820
   5628.570     50.261     64.941    -17.270    121.320    -17.350     47.110     82.980     68.370
   5642.860      2.626      1.699    -16.030    122.500    -16.580     49.520     85.940     69.890
   5657.140      8.172      6.147    -15.460    123.770    -15.540     49.260     89.750     71.770
   5671.430     35.679     38.401    -15.260    125.230    -14.480     50.080     94.560     73.050
   5685.710      2.605      1.736    -14.000    126.610    -13.620     54.340     99.570     76.300
   5700.000      1.535      1.182    -13.250    128.100    -12.500     54.970    104.240     79.740
   5714.290     53.229     69.013    -13.000    129.670    -11.360     60.770    110.450     80.040
   5728.570     50.530     64.490    -12.170    131.260    -10.200     63.390    117.110     82.810
   5742.860     35.379     37.625    -11.060    132.920     -8.960     65.800    122.920     87.270
   5757.140     51.687     65.590    -10.310    134.710     -7.750     70.910    130.910     89.980
   5771.430     52.480     66.182     -9.270    136.660     -6.460     76.010    138.190     95.860
   5785.710     41.521     45.699     -8.260    138.770     -5.190     81.360    146.940     98.890
   5800.000     48.345     56.668     -7.010    140.750     -3.660     88.100    156.760    105.980
   5814.290     46.598     52.049     -5.810    143.090     -2.190    102.200    169.820    113.360
   5828.570     48.213     54.588     -4.340    145.520     -0.510    119.410    186.290    124.450
   5842.860     55.711     69.456     -2.640    148.170      1.390    153.190    199.580    142.380
   5857.140     43.545     45.177     -0.340    150.770      3.280    196.940    148.020    134.900
   5871.430     52.731     61.046      2.090    152.640      4.880    184.610     95.720    111.770
   5885.710     56.171     71.571      4.420    154.090      6.180    165.950     66.310     95.000
   5900.000     42.751     40.760      6.990    155.250      7.490    144.720     47.920     82.010
   5914.290     51.463     55.106      8.760    156.120      8.380    131.610     32.960     71.190
   5928.570     51.111     54.635     10.600    156.800      9.210    120.050     20.220     64.680
   5942.860     49.034     49.467     12.400    157.300      9.980    109.360      8.500     60.100
   5957.140     49.512     50.306     13.880    157.660     10.630     97.380      1.220     57.320
   5971.430     52.724     56.382     15.220    157.870     11.220     81.060     -2.700     49.890
   5985.710     56.408     63.396     16.530    157.920     11.690     65.930     -5.320     45.340
   6000.000     52.701     54.270     17.650    157.900     12.180     50.930     -6.650     39.340
   6014.290     55.638     59.046     18.600    157.790     12.540     40.260     -7.580     35.110
   6028.570     49.617     47.597     19.700    157.420     13.090     28.370     -9.760     29.960
   6042.860     51.296     52.059     20.480    157.120     13.420     21.150    -13.780     26.590
   6057.140     46.859     45.832     21.460    156.750     13.720     13.790    -18.580     23.680
   6071.430     66.099     84.636     21.860    156.400     13.980      8.340    -21.290     22.200
   6085.710     58.193     63.800     22.420    155.790     14.310      2.850    -26.610     17.520
   6100.000      2.919      1.941     22.210    153.190     16.650     -5.210    -32.030     13.820
   6114.290      3.099      2.050     22.080    152.640     16.820     -9.240    -37.340     10.990
   6128.570     53.020     58.558     23.870    153.690     15.130    -11.530    -46.100     11.840
   6142.860      3.305      2.115     21.680    151.290     16.970    -16.650    -49.160      4.730
   6157.140      2.904      1.891     21.430    150.440     16.990    -21.770    -58.110      1.520
   6171.430      3.867      2.485     20.990    149.510     16.940    -25.690    -66.660     -3.300
   6185.710      2.591      1.744     20.450    148.410     16.810    -32.610    -76.780     -8.150
   6200.000      9.917      9.224     20.080    147.160     16.510    -40.320    -91.590    -17.070
   6214.290     10.160      9.387     19.330    145.620     16.100    -49.190   -113.090    -29.510
   6228.570     60.189     76.211     23.710    145.380     15.900    -72.780   -174.160    -44.770
   6242.860      0.107      0.415     17.490    141.160     14.060     -2.140    -96.810    -49.240
   6257.140      1.512      1.621     17.660    140.370     13.530     27.040    -44.960    -19.040
   6271.430      2.591      2.477     18.410    140.160     13.650     45.740    -18.690      7.740
   6285.710      0.070      0.357     19.310    140.240     14.410     54.290     -3.440     28.990
   6300.000     67.549     94.128     25.300    140.920     16.450     66.490     16.250     75.820
   6314.290     66.540     94.478     26.000    140.790     16.980     51.060     22.300     73.990
   6328.570      0.070      0.412     22.010    140.830     17.700     31.830     -9.320     11.730
   6342.860      0.015      0.254     22.340    139.830     17.450     33.770     -7.680     25.030
   6357.140      1.412      1.745     22.980    139.770     18.200     34.190     -4.690     36.580
   6371.430      0.108      0.487     23.570    139.480     18.740     34.970     -9.400     40.500
   6385.710      1.929      1.976     23.910    139.010     18.960     33.960    -10.350     46.520
   6400.000     15.027     17.993     25.230    139.330     19.360     32.890    -14.730     44.520
   6414.290      1.482      1.702     24.900    138.440     19.740     31.980    -18.600     40.530
   6428.570      0.155      0.586     25.590    138.510     20.540     28.750    -26.280     31.750
   6442.860      2.676      2.514     26.120    138.010     20.590     29.440    -32.720     26.460
   6457.140     21.412     25.629     27.280    137.870     20.770     32.300    -36.440     24.580
   6471.430      8.256      8.744     27.280    137.030     20.860     35.570    -35.690     28.640
   6485.710      0.812      1.236     27.960    136.880     21.510     33.580    -36.200     29.050
   6500.000      5.868      5.756     28.610    136.530     21.880     36.410    -34.550     31.750
   6514.290      1.664      1.882     29.080    136.020     22.010     36.830    -33.220     36.350
   6528.570      0.083      0.421     29.680    135.690     22.390     37.910    -30.830     40.240
   6542.860      1.797      1.860     30.310    135.380     22.850     39.910    -27.940     45.650
   6557.140      0.074      0.417     30.950    135.150     23.440     38.290    -27.470     44.090
   6571.430      1.862      1.949     31.540    134.760     23.840     39.200    -26.350     45.690
   6585.710     25.297     31.699     31.500    134.320     25.170     39.060    -24.180     44.640
   6600.000     34.869     43.964     31.060    134.420     24.530     42.180    -23.860     44.690
   6614.290     33.941     43.512     31.480    134.130     25.240     42.090    -25.210     42.510
   6628.570      0.180      0.583     34.150    133.560     26.250     41.100    -26.230     45.060
   6642.860      0.334      0.803     34.720    133.260     26.920     41.950    -26.740     43.300
   6657.140      2.355      2.347     35.160    132.860     27.160     42.280    -26.440     45.060
   6671.430      2.245      2.341     35.730    132.520     27.780     43.910    -25.740     46.050
   6685.710     26.051     32.722     35.300    131.950     28.840     41.380    -26.390     40.630
   6700.000      0.341      0.811     37.060    131.810     29.220     41.490    -26.260     42.140
   6714.290     27.768     34.943     36.530    131.270     29.810     42.510    -26.510     40.870
   6728.570      0.991      1.399     38.020    131.050     30.250     39.500    -29.310     40.730
   6742.860      1.183      1.379     38.520    130.650     30.760     42.840    -29.740     41.180
   6757.140      1.023      1.386     39.100    130.290     31.340     42.960    -29.720     41.010
   6771.430     30.964     39.103     38.860    129.810     31.670     38.570    -32.130     31.750
   6785.710     29.220     36.817     39.730    129.370     32.340     36.630    -34.270     29.670
   6800.000     44.037     59.391     38.740    129.560     31.530     42.430    -33.040     32.080
   6814.290     29.839     36.583     40.940    128.500     33.320     39.920    -32.940     31.930
   6828.570     29.986     37.332     41.560    128.080     33.740     38.430    -32.860     30.870
   6842.860     32.805     42.162     41.790    127.810     34.040     38.190    -33.120     29.460
   6857.140     31.072     39.300     42.580    127.190     34.650     38.630    -31.870     29.340
   6871.430     33.904     42.716     42.780    126.910     34.960     37.770    -32.940     30.960
   6885.710     14.304     15.555     43.950    126.310     34.780     39.670    -35.000     30.920
   6900.000     49.181     71.949     43.000    126.550     34.780     40.250    -33.320     30.000
   6914.290     34.782     43.546     44.470    125.500     36.580     38.890    -31.400     33.500
   6928.570     50.404     71.766     43.920    125.820     35.780     39.820    -34.310     25.290
   6942.860     31.767     38.838     45.840    124.410     37.650     37.440    -32.840     27.940
   6957.140     58.188     92.537     45.260    124.700     36.830     42.270    -32.490     28.460
   6971.430     63.227    105.315     45.950    124.010     37.530     40.730    -34.440     27.910
   6985.710      7.148      7.604     48.010    122.830     38.380     38.260    -34.470     29.120
   7000.000      8.514      8.801     48.410    122.420     38.710     39.840    -33.530     30.640
   7014.290      8.616      9.018     48.910    121.910     39.150     36.040    -34.270     26.290
   7028.570      1.650      1.812     49.570    121.420     39.380     34.700    -33.380     23.670
   7042.860      1.450      1.612     50.100    120.920     39.770     35.110    -33.780     23.850
   7057.140     40.855     52.294     49.240    121.050     40.120     34.350    -33.940     19.000
   7071.430      1.617      1.767     51.020    120.040     40.450     33.600    -34.710     18.920
   7085.710      1.635      1.770     51.400    119.570     40.800     35.920    -33.140     17.300
   7100.000      1.613      1.734     51.880    119.140     41.080     35.560    -33.330     18.170
   7114.290      1.903      2.041     52.240    118.770     41.320     36.010    -31.710     17.830
   7128.570     64.149    107.135     51.420    118.750     41.540     34.280    -31.460     11.990
   7142.860     53.842     76.730     51.870    118.500     41.670     35.340    -30.970     14.280
   7157.140     58.980     93.325     52.450    117.900     42.190     35.930    -27.440     16.930
   7171.430      1.492      1.688     54.060    117.140     42.550     33.730    -28.920     16.560
   7185.710      1.786      1.884     54.500    116.710     42.730     34.670    -28.920     14.820
   7200.000      0.063      0.387     55.030    116.380     43.080     34.390    -29.520     19.100
   7214.290     61.862    101.425     54.440    116.190     43.570     33.550    -28.050     14.270
   7228.570      1.695      1.858     55.960    115.550     43.570     36.760    -26.070     17.200
   7242.860      1.653      1.798     56.470    115.200     43.880     35.850    -26.500     18.460
   7257.140      1.720      1.907     56.940    114.840     44.140     38.520    -26.340     20.010
   7271.430     65.220    108.720     56.570    114.580     44.890     36.680    -27.520     15.980
   7285.710     62.504    102.173     56.910    114.180     45.220     34.570    -29.590     14.500
   7300.000      1.619      1.811     58.420    113.730     45.020     37.680    -27.990     18.690
   7314.290      1.567      1.804     58.910    113.370     45.300     37.500    -26.160     20.470
   7328.570      1.692      1.805     59.400    113.050     45.570     37.720    -26.380     18.880
   7342.860     54.203     75.470     59.110    112.600     46.740     36.690    -23.220     21.400
   7357.140      1.734      1.909     60.400    112.380     46.250     37.770    -25.960     20.110
   7371.430      1.689      1.872     60.910    112.040     46.560     36.570    -23.830     20.930
   7385.710      1.776      1.895     61.390    111.720     46.890     34.870    -22.300     21.140
   7400.000      1.748      1.891     61.850    111.350     47.190     34.710    -21.540     22.870
   7414.290      1.868      1.964     62.320    111.020     47.480     37.940    -25.530     20.170
   7428.570      1.894      2.020     62.770    110.650     47.830     35.960    -23.130     20.670
   7442.860      1.774      1.939     63.330    110.360     48.230     37.440    -24.980     21.510
   7457.140      8.401      8.816     63.950    110.050     48.760     36.140    -24.460     21.300
   7471.430      1.708      1.876     64.350    109.770     48.960     38.910    -24.200     20.810
   7485.710      2.071      2.109     64.790    109.380     49.250     37.490    -25.340     20.200
   7500.000      1.868      1.995     65.340    109.080     49.630     38.230    -23.150     23.500
   7514.290      1.845      1.945     65.850    108.760     50.000     37.010    -23.240     23.810
   7528.570      8.541      8.925     66.490    108.380     50.420     35.480    -23.040     24.260
   7542.860      8.053      8.607     66.940    108.000     50.710     36.360    -22.530     25.000
   7557.140      2.053      2.081     67.350    107.710     51.090     36.390    -21.580     23.280
   7571.430      1.878      2.011     67.870    107.320     51.370     36.040    -22.830     25.870
   7585.710      1.914      2.073     68.380    106.980     51.740     36.850    -19.710     25.590
   7600.000      9.415     10.033     68.940    106.570     52.230     38.830    -17.020     26.420
   7614.290      1.809      1.929     69.500    106.340     52.560     37.070    -19.300     24.980
   7628.570     67.948    112.332     69.680    106.480     52.770     35.590    -20.840     22.010
   7642.860     37.560     48.159     71.010    105.430     53.610     34.100    -20.810     23.070
   7657.140      9.636     10.310     70.970    105.290     53.690     36.070    -20.070     23.250
   7671.430     34.569     42.428     72.090    104.940     53.970     33.180    -23.410     25.640
   7685.710     38.371     47.585     72.340    104.530     54.330     33.830    -21.170     23.830
   7700.000      2.427      2.497     72.320    104.330     54.740     33.580    -20.870     21.850
   7714.290     37.414     46.987     73.360    103.900     54.990     31.330    -19.470     23.370
   7728.570      9.988     10.364     73.280    103.730     55.490     29.560    -17.900     19.990
   7742.860      9.528     10.055     73.750    103.400     55.730     27.960    -17.880     22.210
   7757.140      1.784      1.934     74.130    103.200     56.090     30.450    -17.300     21.010
   7771.430      1.722      1.896     74.550    102.870     56.400     31.060    -18.250     21.690
   7785.710     66.308    106.804     75.390    103.250     55.990     33.530    -16.200     20.050
   7800.000      2.010      2.047     75.500    102.380     57.070     31.120    -14.520     22.200
   7814.290      1.892      1.996     75.960    102.150     57.360     33.060    -16.700     20.540
   7828.570      1.898      2.006     76.410    101.870     57.710     32.510    -16.290     22.020
   7842.860      9.951     10.396     77.010    101.540     57.990     29.810    -19.160     17.700
   7857.140      1.869      1.991     77.320    101.300     58.320     31.040    -17.890     19.440
   7871.430      2.353      2.370     77.760    100.990     58.590     30.190    -20.970     18.410
   7885.710      2.038      2.134     78.220    100.750     58.950     30.540    -19.510     16.840
   7900.000      1.897      2.076     78.690    100.480     59.240     29.980    -18.240     18.080
   7914.290     66.080    107.713     80.210    100.760     58.670     31.760    -17.850     18.800
   7928.570      1.912      1.992     79.630     99.980     59.790     31.760    -19.860     15.530
   7942.860     69.959    114.761     81.170    100.200     59.230     33.790    -19.750     16.660
   7957.140      2.028      2.179     80.540     99.380     60.270     32.290    -19.500     17.200
   7971.430      1.835      1.982     81.030     99.100     60.510     33.120    -20.410     17.600
   7985.710      1.905      2.008     81.530     98.830     60.770     33.940    -19.200     18.650
   8000.000      1.808      1.973     82.020     98.570     61.030     33.620    -17.540     19.810
   8014.290      1.835      1.989     82.540     98.320     61.310     33.010    -17.650     20.270
   8028.570      1.852      1.986     83.030     98.090     61.570     34.490    -19.490     18.260
   8042.860      1.763      1.968     83.590     97.880     61.910     33.380    -17.820     20.020
   8057.140      2.695      2.687     84.020     97.530     62.180     31.690    -17.870     20.820
   8071.430      2.773      2.678     84.560     97.320     62.530     34.120    -18.320     20.750
   8085.710      1.654      1.808     85.120     97.110     62.780     36.260    -18.260     24.290
   8100.000      2.091      2.164     85.680     96.860     63.160     35.840    -17.010     22.650
   8114.290     65.991    108.787     87.310     96.990     63.570     35.320    -15.960     25.670
   8128.570      1.948      2.046     86.830     96.440     63.880     34.370    -15.860     24.790
   8142.860      2.045      2.094     87.300     96.170     64.160     33.260    -16.670     23.890
   8157.140      0.282      0.744     87.780     95.860     64.420     34.670    -14.000     25.140
   8171.430     67.070    109.045     89.110     96.150     65.050     34.130    -14.890     24.300
   8185.710      1.723      1.891     88.840     95.460     65.100     35.460    -14.120     26.820
   8200.000      1.913      2.026     89.390     95.210     65.530     34.270    -15.170     28.520
   8214.290      2.014      2.043     89.850     94.980     65.870     34.780    -16.010     25.660
   8228.570      1.835      1.995     90.380     94.710     66.220     34.790    -17.920     27.780
   8242.860     39.811     51.981     91.450     94.770     66.780     33.740    -19.110     26.330
   8257.140      1.983      2.079     91.440     94.240     67.000     34.870    -18.690     26.790
   8271.430      1.729      1.907     91.900     94.000     67.330     36.240    -20.200     28.990
   8285.710      1.760      1.952     92.490     93.750     67.790     36.130    -21.250     31.100
   8300.000     67.587    109.417     93.100     93.700     68.640     35.130    -19.020     31.020
   8314.290      1.858      2.043     93.570     93.230     68.680     35.170    -21.440     33.850
   8328.570      1.911      2.038     94.100     92.960     69.150     36.880    -18.730     35.110
   8342.860     40.350     52.847     94.690     92.900     69.800     35.120    -19.610     33.140
   8357.140      8.997      9.740     95.130     92.380     70.070     37.230    -20.590     36.090
   8371.430     38.252     48.076     95.360     92.450     70.500     37.120    -19.640     35.230
   8385.710     41.022     53.012     96.250     91.990     71.080     36.360    -22.230     34.390
   8400.000     39.530     49.948     96.480     91.720     71.320     38.230    -23.630     33.740
   8414.290     39.313     50.677     96.910     91.330     71.900     36.130    -24.320     32.390
   8428.570     38.512     48.917     97.420     91.150     72.200     37.620    -24.170     32.460
   8442.860     40.033     50.806     98.010     90.720     72.750     36.530    -25.710     34.270
   8457.140      1.904      2.014     98.910     89.980     73.460     33.860    -24.960     32.380
   8471.430     41.439     51.343     98.980     90.100     73.480     35.920    -24.510     32.590
   8485.710     35.680     44.435     99.280     89.590     74.200     33.980    -26.830     31.090
   8500.000      2.068      2.130    100.400     88.870     74.850     33.640    -27.760     34.140
   8514.290      1.986      2.085    100.890     88.510     75.280     35.110    -27.060     31.510
   8528.570      1.959      2.081    101.360     88.100     75.750     35.000    -27.010     32.860
   8542.860     66.829    109.694    101.350     88.140     75.470     37.620    -29.230     31.730
   8557.140     37.825     48.181    101.940     87.770     76.070     37.370    -29.870     31.010
   8571.430     69.029    116.966    102.440     87.380     76.380     35.930    -28.430     29.890
   8585.710      1.825      1.989    103.290     86.600     77.440     35.270    -27.830     28.550
   8600.000     67.189    109.658    103.450     86.500     77.090     35.820    -31.620     28.870
   8614.290      1.956      2.031    104.270     85.790     78.220     31.990    -30.420     27.220
   8628.570      1.848      2.031    104.710     85.390     78.580     32.770    -30.610     25.170
   8642.860      3.841      3.560    105.150     84.950     78.890     32.520    -32.710     24.110
   8657.140      9.606     10.196    105.650     84.580     79.280     30.220    -31.230     25.110
   8671.430     10.847     11.254    106.140     84.090     79.580     28.060    -31.200     25.710
   8685.710      9.432     10.270    106.480     83.680     79.960     28.480    -31.990     25.680
   8700.000     69.177    116.854    106.840     83.590     79.540     30.030    -30.450     23.100
   8714.290     39.656     50.661    107.460     83.040     80.420     28.840    -30.750     25.260
   8728.570      2.241      2.283    107.710     82.340     81.080     30.460    -28.110     25.010
   8742.860     38.155     49.303    108.180     82.230     81.340     30.640    -28.350     25.550
   8757.140     37.729     46.765    108.520     81.800     81.850     32.210    -27.480     24.620
   8771.430      2.046      2.169    108.950     81.110     82.080     34.330    -28.240     24.610
   8785.710     39.668     50.146    109.500     81.100     82.420     31.820    -27.420     23.260
   8800.000     40.519     51.650    110.070     80.760     82.700     34.170    -27.000     21.770
   8814.290     41.250     53.371    110.750     80.410     83.010     30.950    -26.110     22.080
   8828.570     41.023     52.960    111.100     80.080     83.340     30.880    -28.210     21.440
   8842.860     41.996     53.708    111.480     79.660     83.670     32.820    -28.660     20.490
   8857.140     43.923     56.887    112.230     79.310     83.770     31.920    -29.100     20.810
   8871.430     40.183     52.535    112.430     78.970     84.270     31.950    -28.280     20.230
   8885.710     41.997     54.171    112.910     78.610     84.470     31.960    -27.430     20.400
   8900.000     36.986     46.715    112.990     77.990     85.310     30.180    -25.640     17.390
   8914.290     37.697     48.579    113.530     77.620     85.420     30.120    -26.490     20.070
   8928.570     40.505     51.519    114.050     77.290     85.550     31.590    -27.080     21.540
   8942.860     42.960     56.093    114.820     77.170     85.620     30.620    -27.600     18.840
   8957.140     68.152    108.802    115.180     76.510     85.990     30.680    -26.990     18.200
   8971.430     39.700     51.265    115.480     76.260     86.470     31.230    -24.970     21.100
   8985.710     38.040     48.876    115.880     75.840     86.900     32.010    -25.780     20.390
   9000.000     66.819    108.618    116.430     75.350     87.040     32.270    -26.120     19.710
   9014.290     42.599     56.930    117.050     75.220     87.080     32.720    -28.050     19.700
   9028.570     35.523     43.769    117.160     74.570     87.830     29.840    -25.280     20.660
   9042.860      1.983      2.105    117.350     74.050     88.140     31.570    -24.570     19.470
   9057.140     35.031     43.999    118.120     73.870     88.360     29.650    -25.580     19.840
   9071.430      2.207      2.297    118.210     73.420     88.680     29.210    -24.330     21.220
   9085.710      2.378      2.356    118.620     73.090     89.000     27.670    -23.450     20.860
   9100.000      1.498      1.740    119.040     72.740     89.300     27.380    -23.770     18.410
   9114.290      3.382      3.286    119.500     72.370     89.570     28.370    -23.660     20.410
   9128.570      1.295      1.601    119.980     72.080     89.930     29.440    -25.810     18.870
   9142.860     68.220    107.908    120.530     71.410     90.310     30.630    -25.160     21.130
   9157.140     10.089     10.895    120.810     71.300     90.490     32.110    -24.410     22.280
   9171.430     15.095     16.222    121.230     70.950     90.790     30.990    -24.920     20.530
   9185.710      8.700      9.316    121.780     70.550     91.160     30.640    -25.190     19.700
   9200.000      9.022      9.512    122.220     70.220     91.420     31.460    -24.320     18.960
   9214.290      9.558     10.280    122.630     69.880     91.750     29.780    -25.440     18.200
   9228.570      8.798      9.430    123.060     69.500     91.970     29.260    -26.330     17.860
   9242.860      9.441     10.104    123.520     69.130     92.310     30.440    -25.440     18.170
   9257.140     10.261     11.010    123.910     68.770     92.450     31.080    -26.000     15.950
   9271.430      2.061      2.208    124.340     68.470     92.670     30.880    -25.050     17.980
   9285.710      2.002      2.128    124.780     68.090     92.980     31.870    -26.900     18.850
   9300.000      1.968      2.081    125.210     67.760     93.270     33.030    -25.750     19.030
   9314.290      2.282      2.310    125.720     67.410     93.540     31.650    -24.570     21.280
   9328.570      2.132      2.225    126.140     67.060     93.880     32.150    -23.390     20.700
   9342.860      1.550      1.785    126.630     66.700     94.140     32.120    -24.590     22.310
   9357.140      2.232      2.277    127.060     66.340     94.410     31.630    -26.880     21.400
   9371.430      1.863      1.990    127.460     65.980     94.710     29.480    -25.290     19.870
   9385.710     43.746     56.875    127.350     65.310     95.090     30.000    -21.310     20.880
   9400.000      2.074      2.211    128.330     65.240     95.200     30.260    -24.530     21.250
   9414.290      2.082      2.171    128.690     64.910     95.490     29.570    -23.380     20.160
   9428.570      3.112      3.042    129.180     64.520     95.830     27.560    -25.830     21.120
   9442.860      1.970      2.103    129.540     64.140     96.060     27.860    -24.820     20.380
   9457.140      7.493      7.832    129.930     63.760     96.340     26.890    -22.640     21.680
   9471.430     46.991     62.499    129.790     63.170     96.550     27.270    -21.930     20.720
   9485.710      2.049      2.158    130.660     63.050     96.960     25.760    -21.530     20.860
   9500.000      8.167      8.541    131.130     62.780     97.340     25.060    -21.080     20.060
   9514.290      1.900      2.074    131.400     62.430     97.660     27.060    -18.460     22.780
   9528.570      2.147      2.273    131.770     62.180     98.020     27.170    -16.590     25.720
   9542.860      2.251      2.328    132.120     61.900     98.350     26.520    -15.760     21.580
   9557.140      2.089      2.200    132.490     61.650     98.700     25.770    -16.380     22.330
   9571.430      1.984      2.142    132.850     61.430     99.060     25.210    -14.580     22.210
   9585.710      2.064      2.144    133.240     61.220     99.380     26.390    -14.240     21.340
   9600.000      2.364      2.402    133.540     61.020     99.680     27.010    -14.320     22.900
   9614.290      1.945      2.151    133.950     60.880    100.020     26.850    -12.270     22.460
   9628.570     69.488    112.451    134.020     59.890    100.110     28.140    -11.270     23.900
   9642.860      2.014      2.150    134.760     60.560    100.730     29.250    -13.060     22.420
   9657.140      1.955      2.103    135.170     60.360    101.090     29.170    -12.190     22.450
   9671.430      2.239      2.252    135.640     60.170    101.410     31.570    -11.940     23.330
   9685.710      2.420      2.488    136.100     59.970    101.800     32.340    -13.270     24.670
   9700.000      2.009      2.097    136.580     59.790    102.140     30.860    -14.140     22.790
   9714.290      2.039      2.162    136.990     59.590    102.480     31.580    -12.850     22.740
   9728.570      2.025      2.171    137.470     59.440    102.870     29.860    -15.550     24.070
   9742.860      2.019      2.134    137.900     59.240    103.200     30.410    -13.910     24.080
   9757.140      1.972      2.148    138.320     59.000    103.550     31.830    -13.480     24.470
   9771.430      2.077      2.224    138.780     58.770    103.900     32.070    -15.090     24.540
   9785.710     10.076     10.743    139.290     58.470    104.270     33.200    -14.260     24.640
   9800.000      2.443      2.462    139.710     58.280    104.610     32.640    -14.440     25.160
   9814.290     10.355     10.962    140.170     58.050    105.060     33.420    -16.030     23.830
   9828.570      7.242      7.599    140.710     57.830    105.310     34.240    -15.640     26.770
   9842.860     10.183     10.887    141.160     57.550    105.750     35.950    -17.880     26.040
   9857.140      2.194      2.223    141.660     57.320    106.170     34.260    -18.850     25.140
   9871.430     10.917     11.647    142.130     57.050    106.600     32.920    -17.280     26.190
   9885.710      7.562      7.765    142.680     56.840    106.890     33.460    -19.890     26.710
   9900.000      2.061      2.200    143.160     56.540    107.350     32.740    -20.420     28.380
   9914.290      9.981     10.376    143.730     56.220    107.770     34.570    -20.440     30.640
   9928.570     43.200     55.347    144.020     55.870    108.380     32.700    -20.060     30.120
   9942.860     42.753     55.607    144.570     55.660    108.900     35.420    -20.280     30.380
   9957.140      6.965      7.425    145.240     55.370    108.980     33.600    -21.780     29.470
   9971.430     43.812     56.058    145.490     55.220    109.800     35.050    -22.660     28.520
   9985.710     43.768     55.737    145.900     55.060    110.140     37.520    -21.690     29.480
  10000.000     42.936     55.069    146.410     54.720    110.710     36.410    -20.180     31.510
  10014.300     40.650     51.815    146.970     54.470    111.110     35.160    -20.990     30.810
  10028.600     41.907     53.400    147.420     54.260    111.410     35.720    -20.350     31.730
  10042.900     46.053     59.187    147.910     54.110    112.010     35.760    -18.940     33.820
  10057.100     43.087     55.088    148.420     53.810    112.360     35.050    -20.810     32.100
  10071.400     45.120     57.466    148.850     53.480    112.800     33.280    -19.130     31.850
  10085.700     43.726     56.380    149.370     53.320    113.330     35.350    -18.680     31.350
  10100.000      8.945      9.725    150.320     52.290    113.320     33.740    -18.680     34.160
  10114.300      9.339      9.775    150.800     52.050    113.750     33.040    -19.590     33.900
  10128.600      9.462     10.379    151.290     51.780    114.240     31.790    -19.910     33.950
  10142.900     39.998     50.670    151.380     52.120    114.830     31.180    -18.060     33.320
  10157.100     45.495     58.163    151.830     51.910    115.530     31.820    -18.130     33.450
  10171.400     40.224     50.324    152.440     51.600    115.760     32.850    -19.540     33.310
  10185.700     10.717     11.450    153.110     50.720    116.170     32.110    -17.220     31.420
  10200.000      9.778     10.277    153.580     50.420    116.560     31.810    -17.920     32.820
  10214.300     10.718     11.368    154.070     50.110    116.960     33.690    -18.710     31.460
  10228.600     10.615     11.364    154.540     49.880    117.460     34.700    -20.170     32.800
  10242.900      7.380      8.062    154.990     49.520    117.860     33.640    -19.220     30.790
  10257.100     10.152     10.932    155.500     49.340    118.330     33.130    -18.460     30.690
  10271.400     64.407     98.096    156.220     49.740    118.720     34.240    -17.780     30.820
  10285.700      9.474     10.093    156.420     48.770    119.180     34.070    -19.090     30.050
  10300.000      9.070      9.554    156.900     48.520    119.660     34.550    -18.140     30.270
  10314.300      9.192      9.711    157.360     48.290    120.090     33.340    -18.540     27.850
  10328.600      8.940      9.362    157.880     47.970    120.480     37.110    -18.810     29.720
  10342.900      9.274      9.950    158.350     47.750    120.880     36.400    -19.500     27.990
  10357.100      8.676      9.044    158.860     47.470    121.370     36.080    -19.280     28.160
  10371.400      9.966     10.799    159.370     47.190    121.710     35.990    -21.120     29.640
  10385.700      7.809      8.128    159.780     46.930    122.240     35.910    -21.500     27.660
  10400.000      9.251      9.756    160.310     46.570    122.600     34.370    -20.770     29.220
  10414.300      9.370      9.952    160.840     46.290    122.910     35.460    -24.490     28.240
  10428.600     67.744    104.885    162.150     46.010    123.170     34.810    -24.940     28.030
  10442.900      2.378      2.440    161.790     45.750    123.740     36.130    -23.350     27.510
  10457.100     63.779     95.451    163.230     45.320    124.170     35.420    -24.640     26.740
  10471.400      2.382      2.417    162.730     45.050    124.490     32.000    -25.910     24.880
  10485.700      1.435      1.709    163.160     44.670    124.900     33.300    -26.640     23.370
  10500.000      1.666      1.897    163.640     44.280    125.220     33.410    -31.390     24.780
  10514.300      1.607      1.886    164.100     43.930    125.610     31.370    -30.560     23.510
  10528.600      1.492      1.765    164.520     43.490    125.910     32.900    -31.370     23.350
  10542.900      1.851      2.015    165.000     43.080    126.250     32.100    -30.630     22.320
  10557.100      2.212      2.318    165.470     42.700    126.590     31.740    -30.670     22.500
  10571.400      1.441      1.759    165.860     42.250    126.870     32.520    -31.070     18.690
  10585.700      2.237      2.317    166.340     41.830    127.150     32.310    -32.340     18.750
  10600.000     62.632     93.039    168.080     41.190    128.210     31.260    -32.260     18.080
  10614.300      1.548      1.811    167.260     40.990    127.720     33.430    -29.780     17.300
  10628.600     61.461     92.519    168.780     40.460    128.780     32.760    -29.580     19.270
  10642.900      1.522      1.744    168.110     40.140    128.250     29.400    -30.260     18.650
  10657.100      1.398      1.737    168.580     39.750    128.560     30.340    -30.630     18.990
  10671.400      1.551      1.835    169.010     39.350    128.820     29.510    -29.390     18.430
  10685.700      2.212      2.328    169.440     38.930    129.130     30.350    -27.450     17.770
  10700.000      2.003      2.151    169.880     38.530    129.380     29.780    -28.010     16.370
  10714.300      1.482      1.761    170.290     38.110    129.640     31.680    -26.890     16.780
  10728.600      1.678      1.854    170.690     37.720    129.900     29.560    -26.940     18.060
  10742.900      1.428      1.708    171.080     37.320    130.130     28.610    -25.980     17.360
  10757.100      2.164      2.306    171.540     37.000    130.510     28.890    -25.130     17.560
  10771.400      1.532      1.790    171.850     36.570    130.690     28.670    -26.300     17.250
  10785.700      1.623      1.874    172.250     36.240    131.060     27.030    -22.800     19.790
  10800.000      1.750      1.975    172.600     35.940    131.350     27.460    -24.430     18.850
  10814.300      2.481      2.559    173.020     35.610    131.620     27.060    -23.740     17.600
  10828.600      1.591      1.807    173.350     35.230    131.850     26.870    -23.690     19.490
  10842.900      2.041      2.256    173.730     34.930    132.180     27.960    -23.910     20.150
  10857.100      1.390      1.723    174.020     34.570    132.360     28.570    -19.570     18.910
  10871.400      2.122      2.276    174.430     34.300    132.720     28.210    -19.220     19.210
  10885.700      1.400      1.665    174.780     34.020    132.960     28.230    -20.100     18.660
  10900.000      2.001      2.162    175.170     33.790    133.310     28.260    -18.100     19.790
  10914.300      1.693      1.910    175.540     33.500    133.550     27.660    -18.690     20.410
  10928.600      1.736      1.956    176.010     33.240    133.880     28.400    -17.700     20.910
  10942.900      1.882      2.063    176.400     32.960    134.210     30.640    -16.540     23.530
  10957.100      8.574      9.086    176.820     32.660    134.550     29.230    -14.460     24.140
  10971.400      8.990      9.572    177.220     32.420    134.940     30.170    -16.150     24.010
  10985.700     10.409     11.318    177.660     32.230    135.320     31.480    -16.440     24.400
  11000.000      1.552      1.813    178.100     31.960    135.600     30.750    -16.010     24.270
  11014.300      1.651      1.885    178.560     31.760    135.960     32.740    -14.990     24.790
  11028.600      1.936      2.065    179.020     31.560    136.380     31.660    -13.810     24.110
  11042.900      2.130      2.236    179.400     31.270    136.700     31.720    -15.900     24.250
  11057.100     36.597     45.756    179.610     30.780    136.830     31.060    -18.280     24.540
  11071.400      1.800      2.032    180.280     30.750    137.450     32.450    -17.300     26.300
  11085.700      2.058      2.218    180.660     30.460    137.790     31.510    -18.380     25.880
  11100.000     37.426     46.574    180.960     30.010    137.860     30.230    -20.710     27.490
  11114.300     45.334     59.072    181.110     29.660    138.200     29.440    -19.930     28.520
  11128.600     46.498     60.453    181.530     29.350    138.550     29.340    -20.740     28.670
  11142.900      1.590      1.862    182.360     29.280    139.370     29.860    -20.370     27.420
  11157.100      1.875      2.037    182.770     29.000    139.740     30.340    -18.730     28.660
  11171.400      1.693      1.957    183.190     28.690    140.140     28.900    -20.130     29.310
  11185.700     56.911     80.898    183.040     28.130    139.820     29.250    -19.480     27.870
  11200.000      1.847      2.033    184.050     28.110    140.970     29.180    -18.580     28.370
  11214.300     56.815     80.229    183.940     27.580    140.530     29.270    -18.910     29.220
  11228.600      2.032      2.177    184.880     27.490    141.750     30.310    -18.930     29.140
  11242.900     45.957     61.864    185.010     27.160    141.320     29.900    -17.760     29.370
  11257.100     61.103     89.647    185.150     26.900    141.530     28.470    -17.450     29.640
  11271.400      1.321      1.670    186.200     26.690    143.030     28.510    -17.080     27.810
  11285.700      1.931      2.104    186.570     26.400    143.330     29.220    -16.690     27.420
  11300.000      1.896      2.051    186.980     26.140    143.710     29.830    -17.550     27.830
  11314.300     56.335     77.869    187.070     25.990    142.850     30.250    -19.420     29.100
  11328.600      1.741      1.994    187.850     25.580    144.490     29.070    -21.120     27.160
  11342.900      1.721      1.915    188.270     25.290    144.900     30.510    -20.640     28.110
  11357.100      2.650      2.640    188.680     24.960    145.290     30.410    -19.380     28.170
  11371.400      1.596      1.893    189.150     24.670    145.690     29.460    -21.820     27.600
  11385.700      1.752      1.950    189.550     24.320    146.050     29.240    -21.600     26.720
  11400.000      2.481      2.594    189.950     24.010    146.360     31.320    -19.770     28.050
  11414.300      1.779      2.023    190.420     23.750    146.820     30.270    -21.450     27.450
  11428.600      1.778      2.007    190.860     23.440    147.180     31.310    -21.050     27.320
  11442.900      2.605      2.633    190.830     23.390    147.180     29.970    -21.390     29.160
