#         t          x          y          z         vx         vy         vz
      0.000     -1.950      3.060     -1.460      0.250      4.160     -0.440
     71.429     -1.790      3.120     -1.490     -1.080      7.940     -0.360
    142.857     -1.910      3.250     -1.570     -3.200      9.160     -0.930
    214.286     -2.250      3.490     -1.590     -2.640      8.040      0.070
    285.714     -2.440      3.710     -1.560     -4.520      8.120     -0.190
    357.143     -2.910      4.100     -1.530     -6.720      7.970      0.590
    428.571     -3.300      4.750     -1.620     -9.010     12.700     -2.310
    500.000     -3.650      5.460     -1.810     -4.840     10.990     -2.800
    571.429     -3.890      6.090     -2.000     -3.220      7.290     -1.920
    642.857     -3.990      6.620     -2.150     -5.100      4.450     -1.810
    714.286     -4.070      7.000     -2.220     -7.830      5.920     -0.890
    785.714     -4.480      7.520     -2.560     -8.570      9.390     -6.520
    857.143     -5.170      8.260     -3.190    -10.170      6.940     -9.650
    928.571     -5.960      9.110     -3.720    -11.820     11.000     -9.230
   1000.000     -6.760      9.980     -4.330     -6.700     10.840     -7.740
   1071.430     -7.080     11.000     -4.850     -4.180     11.030     -8.510
   1142.860     -7.290     12.280     -5.680     -4.400     16.240    -10.650
   1214.290     -7.690     13.340     -6.440     -7.590     14.270    -11.160
   1285.710     -8.130     14.400     -7.190     -9.450     14.690    -10.920
   1357.140     -8.990     15.450     -7.980    -12.280     17.180    -11.250
   1428.570    -10.100     16.760     -8.920    -12.090     14.600    -13.510
   1500.000    -10.920     18.170     -9.910    -13.450     22.400    -14.820
   1571.430    -11.600     19.810    -10.950    -10.950     24.120    -15.710
   1642.860    -12.270     21.480    -11.810    -13.930     25.680    -12.700
   1714.290    -13.180     23.310    -12.770    -12.040     27.010    -14.230
   1785.710    -14.130     25.020    -13.780    -14.790     24.950    -15.660
   1857.140    -15.260     26.820    -14.850    -19.080     27.290    -15.180
   1928.570    -16.700     29.200    -15.810    -24.520     29.940    -15.030
   2000.000    -18.230     31.750    -16.940    -22.390     34.890    -15.280
   2071.430    -19.790     34.370    -18.060    -21.890     39.640    -16.550
   2142.860    -21.330     37.200    -19.220    -17.450     40.500    -15.540
   2214.290    -22.660     40.180    -20.460    -18.550     39.040    -19.070
   2285.710    -24.200     43.000    -21.860    -23.120     38.640    -19.190
   2357.140    -25.950     45.960    -23.140    -24.590     44.020    -19.260
   2428.570    -27.680     49.080    -24.480    -24.020     44.130    -19.480
   2500.000    -29.460     52.180    -25.900    -24.630     49.940    -20.190
   2571.430    -31.240     55.860    -27.400    -25.220     54.870    -21.940
   2642.860    -33.140     59.720    -28.770    -26.190     54.500    -19.380
   2714.290    -34.980     63.730    -30.290    -26.400     55.540    -22.130
   2785.710    -36.860     67.760    -31.900    -28.230     58.000    -24.100
   2857.140    -38.810     71.940    -33.610    -32.000     62.790    -23.880
   2928.570    -41.000     76.370    -35.390    -31.980     65.730    -27.910
   3000.000    -43.090     81.410    -37.460    -31.910     72.570    -28.350
   3071.430    -45.120     86.890    -39.460    -34.260     79.400    -28.060
   3142.860    -47.320     92.930    -41.530    -34.650     81.070    -30.330
   3214.290    -49.680     99.180    -43.710    -36.660     83.250    -30.250
   3285.710    -52.330    105.570    -45.730    -39.750     89.210    -30.460
   3357.140    -55.310    112.460    -47.940    -42.990     96.910    -31.590
   3428.570    -58.520    120.070    -50.170    -42.490    110.480    -30.460
   3500.000    -61.680    128.440    -52.310    -39.870    120.520    -30.220
   3571.430    -64.810    137.520    -54.380    -42.010    132.880    -28.120
   3642.860    -68.000    147.560    -56.330    -43.140    149.550    -27.660
   3714.290    -71.020    159.090    -58.060    -42.680    171.490    -21.080
   3785.710    -74.040    171.940    -59.220    -43.290    191.840    -10.840
   3857.140    -77.080    186.630    -59.350    -36.600    227.680     10.360
   3928.570    -78.780    204.230    -57.220     -5.770    264.870     57.140
   4000.000    -76.820    222.970    -50.420     57.040    245.680    129.520
   4071.430    -71.100    238.310    -40.150     91.300    182.470    148.370
   4142.860    -64.530    249.330    -30.140     84.760    125.310    128.880
   4214.290    -58.720    257.050    -21.860     74.810     89.190    103.590
   4285.710    -53.670    262.500    -15.130     67.400     65.210     86.160
   4357.140    -49.230    266.360     -9.650     63.010     45.090     70.870
   4428.570    -44.620    269.120     -4.970     62.370     26.240     62.930
   4500.000    -40.650    270.310     -0.930     59.170      8.950     52.800
   4571.430    -36.740    270.400      2.710     53.830     -5.620     49.870
   4642.860    -32.890    269.440      6.010     52.080    -16.930     43.260
   4714.290    -29.110    267.830      8.980     52.180    -28.360     37.640
   4785.710    -25.480    265.440     11.690     50.940    -39.990     32.720
   4857.140    -21.760    261.780     13.700     49.210    -51.380     29.880
   4928.570    -18.570    258.220     16.090     44.890    -60.400     25.900
   5000.000    -15.530    253.540     17.730     42.930    -70.700     21.360
   5071.430    -12.680    248.080     18.960     36.990    -79.960     14.590
   5142.860     -9.640    241.750     19.730     36.120    -88.790      5.150
   5214.290     -7.350    235.460     19.840     29.820    -92.910     -6.100
   5285.710     -5.030    228.810     18.840     32.160    -89.590    -19.820
   5357.140     -2.640    222.310     17.330     36.860    -89.730    -23.480
   5428.570     -0.130    215.580     15.760     37.460    -99.070    -21.010
   5500.000      2.620    208.330     14.400     36.250   -113.510    -18.140
   5571.430      5.000    199.810     13.150     33.260   -130.170    -15.530
   5642.860      7.140    189.800     11.830     25.570   -152.270    -19.830
   5714.290      8.300    177.970     10.070     11.810   -175.530    -31.940
   5785.710      8.290    163.990      7.290    -10.860   -223.470    -49.020
   5857.140      4.220    144.540      1.580   -171.760   -232.840    -87.700
   5928.570     -4.500    135.130     -0.760    -81.390    -73.090    -14.070
   6000.000     -8.210    132.620     -1.280     24.420    -33.000     22.720
   6071.430     -4.430    131.570      1.090     79.040     -0.020     48.410
   6142.860      2.870    133.220      5.390    124.930     41.740     72.970
   6214.290     13.870    139.210     11.770    184.990    133.880    119.420
   6285.710     21.770    144.480     19.220     37.420    -44.540     31.740
   6357.140     23.030    140.120     18.830     41.720    -50.430     22.510
   6428.570     25.380    138.190     20.210     41.760    -26.850     18.190
   6500.000     28.570    136.710     22.140     42.390    -20.300     21.640
   6571.430     31.700    134.930     24.120     41.690    -31.140     21.640
   6642.860     34.770    133.230     26.770     39.720    -23.360     34.000
   6714.290     37.680    131.500     29.880     37.990    -25.970     33.910
   6785.710     40.250    129.470     32.310     43.460    -27.670     40.520
   6857.140     43.120    127.180     34.530     41.380    -30.900     28.580
   6928.570     45.850    124.730     36.430     42.860    -31.450     24.290
   7000.000     48.650    122.340     38.560     38.410    -28.540     22.240
   7071.430     51.050    120.000     40.320     38.680    -22.540     29.530
   7142.860     53.260    118.120     42.010     33.020    -20.690     20.050
   7214.290     55.520    116.060     43.240     36.660    -24.080     20.970
   7285.710     57.960    114.170     44.640     32.690    -26.670     20.510
   7357.140     60.350    112.420     46.040     31.070    -25.200     21.960
   7428.570     62.850    110.780     47.780     31.120    -22.600     26.660
   7500.000     65.360    109.170     49.580     30.590    -24.150     24.400
   7571.430     68.320    107.910     51.450     29.020    -26.990     23.340
   7642.860     70.390    105.600     53.160     31.540    -25.240     30.040
   7714.290     72.790    104.080     55.150     28.920    -21.490     25.340
   7785.710     74.280    102.610     56.260     29.220    -20.590     18.480
   7857.140     77.180    101.270     58.260     30.460    -17.080     18.740
   7928.570     79.370     99.870     59.630     32.930    -20.240     18.100
   8000.000     81.690     98.430     60.790     36.450    -16.950     21.510
   8071.430     84.310     97.240     62.280     37.430    -17.420     23.060
   8142.860     87.040     96.030     63.900     37.640    -19.900     22.940
   8214.290     89.660     94.850     65.680     37.930    -17.150     29.750
   8285.710     92.450     93.720     67.770     41.180    -16.880     35.160
   8357.140     95.290     92.250     70.240     40.460    -23.440     38.920
   8428.570     97.880     90.590     72.650     37.930    -22.870     37.200
   8500.000    100.500     88.870     74.990     34.620    -25.240     32.580
   8571.430    102.940     86.910     77.270     32.530    -25.020     26.170
   8642.860    105.320     85.000     79.780     32.400    -25.560     26.950
   8714.290    107.310     82.800     80.850     31.400    -25.460     19.980
   8785.710    109.380     80.730     82.450     26.660    -27.380     14.360
   8857.140    111.530     78.820     83.940     32.960    -25.930     18.950
   8928.570    113.860     76.900     85.520     32.900    -25.500     21.570
   9000.000    116.040     75.080     87.120     30.560    -24.300     20.230
   9071.430    118.210     73.410     88.710     29.210    -24.090     20.110
   9142.860    120.390     71.680     90.170     30.320    -27.710     19.060
   9214.290    122.570     69.850     91.580     31.420    -25.340     21.890
   9285.710    124.810     68.150     92.920     31.550    -25.780     21.380
   9357.140    127.110     66.390     94.420     28.730    -25.780     17.990
   9428.570    129.130     64.500     95.720     27.410    -29.390     20.660
   9500.000    131.090     62.760     97.340     25.320    -22.220     24.130
   9571.430    132.920     61.480     99.140     26.970    -17.210     27.030
   9642.860    134.820     60.590    100.830     29.330    -13.470     24.650
   9714.290    137.020     59.670    102.530     29.110    -14.740     22.090
   9785.710    139.240     58.550    104.270     32.120    -17.940     24.950
   9857.140    141.640     57.250    106.120     35.830    -16.290     25.750
   9928.570    144.200     55.960    108.100     36.790    -17.190     29.820
  10000.000    146.820     54.370    110.120     38.240    -19.820     31.600
  10071.400    149.400     52.760    112.310     35.940    -21.790     31.560
  10142.900    151.840     51.280    114.630     31.220    -19.680     34.860
  10214.300    154.420     50.380    117.330     33.160    -17.850     32.480
  10285.700    156.470     48.740    119.280     33.250    -18.390     32.040
  10357.100    158.870     47.480    121.460     34.080    -16.880     30.060
  10428.600    161.270     46.100    123.510     34.160    -19.610     24.360
  10500.000    163.550     44.290    125.220     29.730    -26.770     20.320
  10571.400    165.820     42.260    126.810     32.260    -31.840     18.150
  10642.900    168.060     40.090    128.140     30.770    -31.560     17.370
  10714.300    170.170     38.030    129.460     29.150    -30.450     17.720
  10785.700    172.130     36.150    130.840     25.140    -23.910     18.390
  10857.100    173.980     34.550    132.320     25.960    -20.510     18.630
  10928.600    175.960     33.240    133.800     30.390    -17.490     24.210
  11000.000    178.170     32.080    135.700     31.860    -17.320     27.230
  11071.400    180.380     30.850    137.650     30.370    -20.470     27.000
  11142.900    182.440     29.360    139.510     29.560    -21.890     29.000
  11214.300    184.500     27.790    141.460     29.820    -22.440     28.920
  11285.700    186.610     26.400    143.410     29.370    -18.310     28.480
  11357.100    188.680     24.890    145.310     29.570    -22.690     27.770
